0   0   1
1   0.01   1.01005
2   0.02   1.0202
3   0.03   1.03045
4   0.04   1.04081
5   0.05   1.05127
6   0.06   1.06184
7   0.07   1.07251
8   0.08   1.08329
9   0.09   1.09417
10   0.1   1.10517
11   0.11   1.11628
12   0.12   1.1275
13   0.13   1.13883
14   0.14   1.15027
15   0.15   1.16183
16   0.16   1.17351
17   0.17   1.1853
18   0.18   1.19722
19   0.19   1.20925
20   0.2   1.2214
21   0.21   1.23368
22   0.22   1.24608
23   0.23   1.2586
24   0.24   1.27125
25   0.25   1.28403
26   0.26   1.29693
27   0.27   1.30996
28   0.28   1.32313
29   0.29   1.33643
30   0.3   1.34986
31   0.31   1.36343
32   0.32   1.37713
33   0.33   1.39097
34   0.34   1.40495
35   0.35   1.41907
36   0.36   1.43333
37   0.37   1.44773
38   0.38   1.46228
39   0.39   1.47698
40   0.4   1.49182
41   0.41   1.50682
42   0.42   1.52196
43   0.43   1.53726
44   0.44   1.55271
45   0.45   1.56831
46   0.46   1.58407
47   0.47   1.59999
48   0.48   1.61607
49   0.49   1.63232
50   0.5   1.64872
51   0.51   1.66529
52   0.52   1.68203
53   0.53   1.69893
54   0.54   1.71601
55   0.55   1.73325
56   0.56   1.75067
57   0.57   1.76827
58   0.58   1.78604
59   0.59   1.80399
60   0.6   1.82212
61   0.61   1.84043
62   0.62   1.85893
63   0.63   1.87761
64   0.64   1.89648
65   0.65   1.91554
66   0.66   1.93479
67   0.67   1.95424
68   0.68   1.97388
69   0.69   1.99372
70   0.7   2.01375
71   0.71   2.03399
72   0.72   2.05443
73   0.73   2.07508
74   0.74   2.09594
75   0.75   2.117
76   0.76   2.13828
77   0.77   2.15977
78   0.78   2.18147
79   0.79   2.2034
80   0.8   2.22554
81   0.81   2.24791
82   0.82   2.2705
83   0.83   2.29332
84   0.84   2.31637
85   0.85   2.33965
86   0.86   2.36316
87   0.87   2.38691
88   0.88   2.4109
89   0.89   2.43513
90   0.9   2.4596
91   0.91   2.48432
92   0.92   2.50929
93   0.93   2.53451
94   0.94   2.55998
95   0.95   2.58571
96   0.96   2.6117
97   0.97   2.63794
98   0.98   2.66446
99   0.99   2.69123
