0   1   1
1   1.01   1.01
2   1.02   1.0201
3   1.03   1.0303
4   1.04   1.0406
5   1.05   1.05101
6   1.06   1.06152
7   1.07   1.07214
8   1.08   1.08286
9   1.09   1.09369
10   1.1   1.10462
11   1.11   1.11567
12   1.12   1.12683
13   1.13   1.13809
14   1.14   1.14947
15   1.15   1.16097
16   1.16   1.17258
17   1.17   1.1843
18   1.18   1.19615
19   1.19   1.20811
20   1.2   1.22019
21   1.21   1.23239
22   1.22   1.24472
23   1.23   1.25716
24   1.24   1.26973
25   1.25   1.28243
26   1.26   1.29526
27   1.27   1.30821
28   1.28   1.32129
29   1.29   1.3345
30   1.3   1.34785
31   1.31   1.36133
32   1.32   1.37494
33   1.33   1.38869
34   1.34   1.40258
35   1.35   1.4166
36   1.36   1.43077
37   1.37   1.44508
38   1.38   1.45953
39   1.39   1.47412
40   1.4   1.48886
41   1.41   1.50375
42   1.42   1.51879
43   1.43   1.53398
44   1.44   1.54932
45   1.45   1.56481
46   1.46   1.58046
47   1.47   1.59626
48   1.48   1.61223
49   1.49   1.62835
50   1.5   1.64463
51   1.51   1.66108
52   1.52   1.67769
53   1.53   1.69447
54   1.54   1.71141
55   1.55   1.72852
56   1.56   1.74581
57   1.57   1.76327
58   1.58   1.7809
59   1.59   1.79871
60   1.6   1.8167
61   1.61   1.83486
62   1.62   1.85321
63   1.63   1.87174
64   1.64   1.89046
65   1.65   1.90937
66   1.66   1.92846
67   1.67   1.94774
68   1.68   1.96722
69   1.69   1.98689
70   1.7   2.00676
71   1.71   2.02683
72   1.72   2.0471
73   1.73   2.06757
74   1.74   2.08825
75   1.75   2.10913
76   1.76   2.13022
77   1.77   2.15152
78   1.78   2.17304
79   1.79   2.19477
80   1.8   2.21672
81   1.81   2.23888
82   1.82   2.26127
83   1.83   2.28388
84   1.84   2.30672
85   1.85   2.32979
86   1.86   2.35309
87   1.87   2.37662
88   1.88   2.40038
89   1.89   2.42439
90   1.9   2.44863
91   1.91   2.47312
92   1.92   2.49785
93   1.93   2.52283
94   1.94   2.54806
95   1.95   2.57354
96   1.96   2.59927
97   1.97   2.62527
98   1.98   2.65152
99   1.99   2.67803
