1.00000e-01     1.99929e+00     -1.66696e-02     1.99933e-01     1.99779e+01     -4.99832e-01     1.99800e+00
2.00000e-01     3.99333e+00     -1.33227e-01     3.99467e-01     1.98867e+01     -1.99711e+00     1.99201e+00
3.00000e-01     5.97190e+00     -4.49087e-01     5.98202e-01     1.96518e+01     -4.48398e+00     1.98203e+00
4.00000e-01     7.91483e+00     -1.06245e+00     7.95740e-01     1.91494e+01     -7.94319e+00     1.96809e+00
5.00000e-01     9.78718e+00     -2.06907e+00     9.91687e-01     1.82077e+01     -1.23420e+01     1.95021e+00
6.00000e-01     1.15345e+01     -3.56031e+00     1.18565e+00     1.66089e+01     -1.76237e+01     1.92843e+00
7.00000e-01     1.30784e+01     -5.62023e+00     1.37725e+00     1.40925e+01     -2.36965e+01     1.90280e+00
8.00000e-01     1.43125e+01     -8.32142e+00     1.56608e+00     1.03606e+01     -3.04215e+01     1.87336e+00
9.00000e-01     1.50991e+01     -1.17196e+01     1.75179e+00     5.08526e+00     -3.75971e+01     1.84018e+00
1.00000e+00     1.52665e+01     -1.58467e+01     1.93400e+00     -2.08053e+00     -4.49439e+01     1.80331e+00
1.10000e+00     1.46082e+01     -2.07018e+01     2.11233e+00     -1.14881e+01     -5.20875e+01     1.76284e+00
1.20000e+00     1.28829e+01     -2.62413e+01     2.28645e+00     -2.34739e+01     -5.85419e+01     1.71885e+00
1.30000e+00     9.81757e+00     -3.23669e+01     2.45599e+00     -3.83339e+01     -6.36937e+01     1.67141e+00
1.40000e+00     5.11274e+00     -3.89117e+01     2.62062e+00     -5.62928e+01     -6.67888e+01     1.62064e+00
1.50000e+00     -1.54829e+00     -4.56261e+01     2.78001e+00     -7.74658e+01     -6.69228e+01     1.56662e+00
1.60000e+00     -1.04864e+01     -5.21624e+01     2.93384e+00     -1.01813e+02     -6.30370e+01     1.50948e+00
1.70000e+00     -2.20087e+01     -5.80594e+01     3.08180e+00     -1.29086e+02     -5.39232e+01     1.44931e+00
1.80000e+00     -3.63843e+01     -6.27281e+01     3.22360e+00     -1.58769e+02     -3.82382e+01     1.38624e+00
1.90000e+00     -5.38149e+01     -6.54397e+01     3.35896e+00     -1.90013e+02     -1.45331e+01     1.32041e+00
2.00000e+00     -7.43975e+01     -6.53170e+01     3.48760e+00     -2.21563e+02     1.87016e+01     1.25193e+00
2.10000e+00     -9.80807e+01     -6.13315e+01     3.60926e+00     -2.51690e+02     6.29693e+01     1.18095e+00
2.20000e+00     -1.24613e+02     -5.23083e+01     3.72371e+00     -2.78114e+02     1.19678e+02     1.10761e+00
2.30000e+00     -1.53484e+02     -3.69410e+01     3.83071e+00     -2.97941e+02     1.90024e+02     1.03205e+00
2.40000e+00     -1.83863e+02     -1.38205e+01     3.93005e+00     -3.07613e+02     2.74842e+02     9.54432e-01
2.50000e+00     -2.14527e+02     1.85205e+01     4.02153e+00     -3.02868e+02     3.74428e+02     8.74902e-01
2.60000e+00     -2.43792e+02     6.15433e+01     4.10497e+00     -2.78740e+02     4.88327e+02     7.93624e-01
2.70000e+00     -2.69442e+02     1.16616e+02     4.18020e+00     -2.29588e+02     6.15079e+02     7.10758e-01
2.80000e+00     -2.88668e+02     1.84898e+02     4.24708e+00     -1.49186e+02     7.51948e+02     6.26471e-01
2.90000e+00     -2.98015e+02     2.67201e+02     4.30546e+00     -3.08694e+01     8.94615e+02     5.40932e-01
3.00000e+00     -2.93349e+02     3.63809e+02     4.35523e+00     1.32231e+02     1.03685e+03     4.54310e-01
3.10000e+00     -2.69851e+02     4.74277e+02     4.39629e+00     3.46864e+02     1.17018e+03     3.66781e-01
3.20000e+00     -2.22051e+02     5.97185e+02     4.42856e+00     6.19220e+02     1.28360e+03     2.78517e-01
3.30000e+00     -1.43912e+02     7.29873e+02     4.45197e+00     9.54367e+02     1.36323e+03     1.89697e-01
3.40000e+00     -2.89736e+01     8.68144e+02     4.46649e+00     1.35554e+03     1.39214e+03     1.00498e-01
3.50000e+00     1.29421e+02     1.00595e+03     4.47207e+00     1.82331e+03     1.35023e+03     1.10974e-02
3.60000e+00     3.37810e+02     1.13506e+03     4.46871e+00     2.35455e+03     1.21421e+03     -7.83252e-02
3.70000e+00     6.02186e+02     1.24478e+03     4.45641e+00     2.94127e+03     9.57814e+02     -1.67591e-01
3.80000e+00     9.27451e+02     1.32165e+03     4.43520e+00     3.56937e+03     5.52291e+02     -2.56522e-01
3.90000e+00     1.31673e+03     1.34925e+03     4.40512e+00     4.21720e+03     -3.28586e+01     -3.44940e-01
4.00000e+00     1.77054e+03     1.30805e+03     4.36623e+00     4.85407e+03     -8.28724e+02     -4.32668e-01
4.10000e+00     2.28582e+03     1.17547e+03     4.31862e+00     5.43880e+03     -1.86538e+03     -5.19531e-01
4.20000e+00     2.85480e+03     9.26047e+02     4.26236e+00     5.91829e+03     -3.16977e+03     -6.05355e-01
4.30000e+00     3.46377e+03     5.31883e+02     4.19758e+00     6.22628e+03     -4.76297e+03     -6.89969e-01
4.40000e+00     4.09168e+03     -3.65842e+01     4.12441e+00     6.28245e+03     -6.65686e+03     -7.73203e-01
4.50000e+00     4.70873e+03     -8.09486e+02     4.04300e+00     5.99202e+03     -8.85007e+03     -8.54890e-01
4.60000e+00     5.27491e+03     -1.81596e+03     3.95349e+00     5.24601e+03     -1.13232e+04     -9.34869e-01
4.70000e+00     5.73869e+03     -3.08207e+03     3.85608e+00     3.92244e+03     -1.40336e+04     -1.01298e+00
4.80000e+00     6.03574e+03     -4.62822e+03     3.75096e+00     1.88877e+03     -1.69091e+04     -1.08906e+00
4.90000e+00     6.08813e+03     -6.46583e+03     3.63834e+00     -9.94231e+02     -1.98416e+04     -1.16297e+00
5.00000e+00     5.80390e+03     -8.59348e+03     3.51845e+00     -4.86678e+03     -2.26806e+04     -1.23455e+00
5.10000e+00     5.07733e+03     -1.09922e+04     3.39152e+00     -9.86223e+03     -2.52263e+04     -1.30366e+00
5.20000e+00     3.79012e+03     -1.36205e+04     3.25780e+00     -1.60968e+04     -2.72233e+04     -1.37016e+00
5.30000e+00     1.81375e+03     -1.64082e+04     3.11758e+00     -2.36565e+04     -2.83557e+04     -1.43393e+00
5.40000e+00     -9.86756e+02     -1.92502e+04     2.97112e+00     -3.25813e+04     -2.82430e+04     -1.49482e+00
5.50000e+00     -4.74727e+03     -2.20005e+04     2.81871e+00     -4.28458e+04     -2.64395e+04     -1.55273e+00
5.60000e+00     -9.59694e+03     -2.44648e+04     2.66067e+00     -5.43373e+04     -2.24360e+04     -1.60753e+00
5.70000e+00     -1.56483e+04     -2.63955e+04     2.49731e+00     -6.68301e+04     -1.56671e+04     -1.65912e+00
5.80000e+00     -2.29843e+04     -2.74858e+04     2.32896e+00     -7.99586e+04     -5.52315e+03     -1.70739e+00
5.90000e+00     -3.16435e+04     -2.73665e+04     2.15595e+00     -9.31865e+04     8.62953e+03     -1.75225e+00
6.00000e+00     -4.16007e+04     -2.56052e+04     1.97863e+00     -1.05777e+05     2.74209e+04     -1.79360e+00
6.10000e+00     -5.27458e+04     -2.17080e+04     1.79735e+00     -1.16764e+05     5.14388e+04     -1.83137e+00
6.20000e+00     -6.48595e+04     -1.51265e+04     1.61247e+00     -1.24922e+05     8.11793e+04     -1.86547e+00
6.30000e+00     -7.75861e+04     -5.26977e+03     1.42438e+00     -1.28746e+05     1.16985e+05     -1.89585e+00
6.40000e+00     -9.04047e+04     8.47662e+03     1.23343e+00     -1.26439e+05     1.58967e+05     -1.92243e+00
6.50000e+00     -1.02600e+05     2.67230e+04     1.04002e+00     -1.15907e+05     2.06918e+05     -1.94517e+00
6.60000e+00     -1.13233e+05     5.00386e+04     8.44528e-01     -9.47773e+04     2.60205e+05     -1.96401e+00
6.70000e+00     -1.21115e+05     7.89035e+04     6.47347e-01     -6.04321e+04     3.17655e+05     -1.97894e+00
6.80000e+00     -1.24786e+05     1.13648e+05     4.48872e-01     -1.00761e+04     3.77425e+05     -1.98990e+00
6.90000e+00     -1.22501e+05     1.54378e+05     2.49500e-01     5.91670e+04     4.36864e+05     -1.99689e+00
7.00000e+00     -1.12229e+05     2.00891e+05     4.96285e-02     1.50115e+05     4.92382e+05     -1.99988e+00
7.10000e+00     -9.16679e+04     2.52570e+05     -1.50342e-01     2.65343e+05     5.39309e+05     -1.99887e+00
7.20000e+00     -5.82804e+04     3.08273e+05     -3.50012e-01     4.06941e+05     5.71783e+05     -1.99387e+00
7.30000e+00     -9.35586e+03     3.66208e+05     -5.48982e-01     5.76219e+05     5.82655e+05     -1.98487e+00
7.40000e+00     5.78935e+04     4.23802e+05     -7.46855e-01     7.73349e+05     5.63439e+05     -1.97191e+00
7.50000e+00     1.46198e+05     4.77567e+05     -9.43233e-01     9.96933e+05     5.04324e+05     -1.95501e+00
7.60000e+00     2.58050e+05     5.22970e+05     -1.13773e+00     1.24352e+06     3.94266e+05     -1.93420e+00
7.70000e+00     3.95472e+05     5.54320e+05     -1.32994e+00     1.50708e+06     2.21183e+05     -1.90952e+00
7.80000e+00     5.59727e+05     5.64680e+05     -1.51950e+00     1.77835e+06     -2.77170e+04     -1.88102e+00
7.90000e+00     7.50971e+05     5.45816e+05     -1.70602e+00     2.04432e+06     -3.65443e+05     -1.84876e+00
8.00000e+00     9.67838e+05     4.88210e+05     -1.88913e+00     2.28751e+06     -8.04544e+05     -1.81280e+00
8.10000e+00     1.20697e+06     3.81152e+05     -2.06846e+00     2.48543e+06     -1.35620e+06     -1.77322e+00
8.20000e+00     1.46249e+06     2.12924e+05     -2.24365e+00     2.61008e+06     -2.02910e+06     -1.73009e+00
8.30000e+00     1.72542e+06     -2.88735e+04     -2.41436e+00     2.62755e+06     -2.82798e+06     -1.68350e+00
8.40000e+00     1.98310e+06     -3.56849e+05     -2.58024e+00     2.49786e+06     -3.75194e+06     -1.63355e+00
8.50000e+00     2.21856e+06     -7.83158e+05     -2.74096e+00     2.17513e+06     -4.79247e+06     -1.58032e+00
8.60000e+00     2.40998e+06     -1.31863e+06     -2.89620e+00     1.60805e+06     -5.93114e+06     -1.52394e+00
8.70000e+00     2.53018e+06     -1.97165e+06     -3.04565e+00     7.40960e+05     -7.13709e+06     -1.46451e+00
8.80000e+00     2.54623e+06     -2.74677e+06     -3.18901e+00     -4.84496e+05     -8.36431e+06     -1.40216e+00
8.90000e+00     2.41937e+06     -3.64311e+06     -3.32599e+00     -2.12695e+06     -9.54885e+06     -1.33700e+00
9.00000e+00     2.10508e+06     -4.65232e+06     -3.45632e+00     -4.24200e+06     -1.06060e+07     -1.26916e+00
9.10000e+00     1.55360e+06     -5.75649e+06     -3.57974e+00     -6.87779e+06     -1.14277e+07     -1.19879e+00
9.20000e+00     7.10966e+05     -6.92559e+06     -3.69600e+00     -1.00696e+07     -1.18804e+07     -1.12602e+00
9.30000e+00     -4.79401e+05     -8.11494e+06     -3.80486e+00     -1.38330e+07     -1.18035e+07     -1.05100e+00
9.40000e+00     -2.07432e+06     -9.26242e+06     -3.90613e+00     -1.81558e+07     -1.10092e+07     -9.73877e-01
9.50000e+00     -4.12762e+06     -1.02858e+07     -3.99958e+00     -2.29888e+07     -9.28312e+06     -8.94807e-01
9.60000e+00     -6.68592e+06     -1.10801e+07     -4.08503e+00     -2.82350e+07     -6.38746e+06     -8.13947e-01
9.70000e+00     -9.78327e+06     -1.15157e+07     -4.16231e+00     -3.37382e+07     -2.06643e+06     -7.31460e-01
9.80000e+00     -1.34346e+07     -1.14370e+07     -4.23127e+00     -3.92702e+07     3.94550e+06     -6.47510e-01
9.90000e+00     -1.76279e+07     -1.06615e+07     -4.29177e+00     -4.45182e+07     1.19116e+07     -5.62266e-01
1.00000e+01     -2.23153e+07     -8.98135e+06     -4.34369e+00     -4.90726e+07     2.20765e+07     -4.75897e-01
