0.00000000000000e+00     0.00000000000000e+00     0.00000000000000e+00     0.00000000000000e+00     2.00000000000000e+01     0.00000000000000e+00     2.00000000000000e+00
1.00000000000000e-01     1.89905776791611e+00     -4.83216633727652e-01     1.98013266932445e-01     1.72041052777785e+01     -9.39864551283500e+00     1.96039734661351e+00
2.00000000000000e-01     3.30555816399111e+00     -1.79131066411082e+00     3.92105608476765e-01     1.03823350466477e+01     -1.61695286871334e+01     1.92157887830465e+00
3.00000000000000e-01     3.90072160390534e+00     -3.57749996652666e+00     5.82354664157508e-01     1.33235584658564e+00     -1.87881080262214e+01     1.88352906716850e+00
4.00000000000000e-01     3.57329632418258e+00     -5.39367591646451e+00     7.68836536133636e-01     -7.68303884715908e+00     -1.67877464376200e+01     1.84623269277327e+00
5.00000000000000e-01     2.43816367791464e+00     -6.80209232194677e+00     9.51625819640397e-01     -1.44980943453168e+01     -1.08303999251838e+01     1.80967483607192e+00
6.00000000000000e-01     7.99856273903342e-01     -7.48018406007419e+00     1.13079563282842e+00     -1.75608915551517e+01     -2.50324455750186e+00     1.77384087343432e+00
7.00000000000000e-01     -9.28081572487468e-01     -7.29358861604324e+00     1.30641764601193e+00     -1.62823267657187e+01     6.09912558564601e+00     1.73871647079761e+00
8.00000000000000e-01     -2.32677558198789e+00     -6.32106446854818e+00     1.47856211033788e+00     -1.11399672263433e+01     1.28980908036491e+01     1.70428757793242e+00
9.00000000000001e-01     -3.07291904578115e+00     -4.82720261880283e+00     1.64729788588727e+00     -3.52142928485791e+00     1.63300357526663e+01     1.67054042282255e+00
1.00000000000000e+00     -3.01274168240721e+00     -3.19153789623345e+00     1.81269246922017e+00     4.64485885531423e+00     1.57020159912827e+01     1.63746150615596e+00
1.10000000000000e+00     -2.19232515240202e+00     -1.81280977723428e+00     1.97481202037520e+00     1.13744161443090e+01     1.13241877174569e+01     1.60503759592496e+00
1.20000000000000e+00     -8.38689692257516e-01     -1.01236079871897e+00     2.13372138933445e+00     1.51059339448567e+01     4.39592062103138e+00     1.57325572213311e+00
1.30000000000000e+00     7.01871465954305e-01     -9.59927366100651e-01     2.28948414196432e+00     1.50599888763059e+01     -3.31737185655139e+00     1.54210317160713e+00
1.40000000000000e+00     2.05171044590097e+00     -1.63878326220238e+00     2.44216258544272e+00     1.13957415998079e+01     -9.93079557706436e+00     1.51156748291145e+00
1.50000000000000e+00     2.89383274576564e+00     -2.85707158104740e+00     2.59181779318280e+00     5.13587554560989e+00     -1.38977494126187e+01     1.48163644136344e+00
1.60000000000000e+00     3.04571777888488e+00     -4.30079005459634e+00     2.73850962926307e+00     -2.11309382875867e+00     -1.43684308835051e+01     1.45229807414738e+00
1.70000000000000e+00     2.49792017621910e+00     -5.61405996436647e+00     2.88229677237388e+00     -8.56988385707617e+00     -1.13667888882222e+01     1.42354064552522e+00
1.80000000000000e+00     1.40955387763015e+00     -6.48631387964585e+00     3.02323673928966e+00     -1.27134801737553e+01     -5.75050661222160e+00     1.39535265214206e+00
1.90000000000000e+00     6.34351911999663e-02     -6.72517283758920e+00     3.16138590787641e+00     -1.36385512261860e+01     1.02785861151799e+00     1.36772281842471e+00
2.00000000000000e+00     -1.20675072235026e+00     -6.29805595294107e+00     3.29679953964358e+00     -1.12489296202353e+01     7.29336480233950e+00     1.34064009207128e+00
2.10000000000000e+00     -2.09865532173602e+00     -5.33374640362816e+00     3.42953180184940e+00     -6.24900095379365e+00     1.15600258894057e+01     1.31409363963012e+00
2.20000000000000e+00     -2.41271617208272e+00     -4.08510749524615e+00     3.55963578916856e+00     5.70057581857628e-02     1.28806023594628e+01     1.28807284216628e+00
2.29999999999999e+00     -2.09609724506158e+00     -2.86343440346601e+00     3.68716354493071e+00     6.10204743168222e+00     1.10531731060011e+01     1.26256729101385e+00
2.39999999999999e+00     -1.24963636128061e+00     -1.96133423205157e+00     3.81216608193856e+00     1.04432561119982e+01     6.64044865281333e+00     1.23756678361228e+00
2.49999999999999e+00     -9.75802669665392e-02     -1.58312220540268e+00     3.93469340287363e+00     1.21039050263798e+01     8.04525775913213e-01     1.21306131942527e+00
2.59999999999999e+00     1.07115848801593e+00     -1.79917057128117e+00     4.05479452029803e+00     1.07899154459909e+01     -4.99595832582343e+00     1.18904109594039e+00
2.69999999999999e+00     1.97498561693688e+00     -2.53424457562406e+00     4.17251747626007e+00     6.93377999849226e+00     -9.36807916955959e+00     1.16549650474798e+00
2.79999999999998e+00     2.40702747125434e+00     -3.59129664298830e+00     4.28790936151182e+00     1.56211129080758e+00     -1.13168780276741e+01     1.14241812769763e+00
2.89999999999998e+00     2.28192926507027e+00     -4.70360880731158e+00     4.40101633434595e+00     -3.97442988957199e+00     -1.04689245638890e+01     1.11979673313081e+00
2.99999999999998e+00     1.65160774300323e+00     -5.60163790143936e+00     4.51188363905971e+00     -8.33851105579750e+00     -7.13771113472828e+00     1.09762327218806e+00
3.09999999999998e+00     6.87388995982709e-01     -6.07791882808255e+00     4.62055562405322e+00     -1.05270719396093e+01     -2.22136121429706e+00     1.07588887518935e+00
3.19999999999998e+00     -3.65856825446919e-01     -6.03450067826713e+00     4.72707575956948e+00     -1.00993320262463e+01     3.03618426288800e+00     1.05458484808610e+00
3.29999999999997e+00     -1.25146083526279e+00     -5.50219795157300e+00     4.83148665508297e+00     -7.26069759081245e+00     7.35774376662851e+00     1.03370266898340e+00
3.39999999999997e+00     -1.76311583454185e+00     -4.62813443643805e+00     4.93383007634406e+00     -2.78804901528187e+00     9.74120605999684e+00     1.01323398473118e+00
3.49999999999997e+00     -1.79249350149399e+00     -3.63581720159102e+00     5.03414696208586e+00     2.17941269234372e+00     9.68963094778814e+00     9.93170607582822e-01
3.59999999999997e+00     -1.35144242891680e+00     -2.76841517884403e+00     5.13247744040024e+00     6.42821259156321e+00     7.31089518035280e+00     9.73504511919947e-01
3.69999999999997e+00     -5.64427768196300e-01     -2.22953552717960e+00     5.22886084478962e+00     8.96520791774124e+00     3.26804594641741e+00     9.54227831042073e-01
3.79999999999996e+00     3.65803326716930e-01     -2.13583200469104e+00     5.32333572990087e+00     9.24767931120142e+00     -1.40185023264645e+00     9.35332854019823e-01
3.89999999999996e+00     1.21002732075315e+00     -2.49237335670673e+00     5.41593988694773e+00     7.29612775231571e+00     -5.55166193242441e+00     9.16812022610451e-01
3.99999999999996e+00     1.76868295541132e+00     -3.19580020717351e+00     5.50671035882775e+00     3.66726237305018e+00     -8.20425473562189e+00     8.98657928234448e-01
4.09999999999996e+00     1.91867849245812e+00     -4.06342200040084e+00     5.59568345493997e+00     -7.00845700495841e-01     -8.78070806221044e+00     8.80863309012003e-01
4.19999999999995e+00     1.63998195929793e+00     -4.88024257806025e+00     5.68289476570917e+00     -4.72920928216085e+00     -7.22386128087760e+00     8.63421046858164e-01
4.29999999999995e+00     1.01639538159544e+00     -5.45190744257424e+00     5.76837917682248e+00     -7.46281628919027e+00     -3.99159541946238e+00     8.46324164635502e-01
4.39999999999995e+00     2.11339154279794e-01     -5.65061310869013e+00     5.85217088318415e+00     -8.29533337430663e+00     7.34268503390443e-02     8.29565823363167e-01
4.49999999999995e+00     -5.74552656044440e-01     -5.44321886372558e+00     5.93430340259397e+00     -7.10118378741902e+00     3.96140705296730e+00     8.13139319481203e-01
4.59999999999995e+00     -1.15311967864135e+00     -4.89550131567292e+00     6.01480958915482e+00     -4.24688264263634e+00     6.74469865634131e+00     7.97038082169033e-01
4.69999999999994e+00     -1.39341592322645e+00     -4.15246448017345e+00     6.09372164641475e+00     -4.83639216221964e-01     7.79757251216690e+00     7.81255670717046e-01
4.79999999999994e+00     -1.25094302671938e+00     -3.40037732196740e+00     6.17107114024884e+00     3.24830199550690e+00     6.93479059799034e+00     7.65785771950228e-01
4.89999999999994e+00     -7.74957061445785e-01     -2.82038060204812e+00     6.24688901148596e+00     6.05308840204855e+00     4.43886142763853e+00     7.50622197702803e-01
4.99999999999994e+00     -9.29522501237742e-02     -2.54514553836980e+00     6.32120558828554e+00     7.29286275817574e+00     9.73790358292814e-01     7.35758882342889e-01
5.09999999999994e+00     6.23053718383746e-01     -2.62888296077009e+00     6.39405059826917e+00     6.73097445247282e+00     -2.58949199976473e+00     7.21189880346161e-01
5.19999999999993e+00     1.19961490400486e+00     -3.03738864645712e+00     6.46545318041215e+00     4.57313378691345e+00     -5.39059679073292e+00     7.06909363917564e-01
5.29999999999993e+00     1.50360586434269e+00     -3.65973209761929e+00     6.53544189669938e+00     1.40061833903502e+00     -6.78608290218962e+00     6.92911620660119e-01
5.39999999999993e+00     1.47264121436456e+00     -4.33793037402187e+00     6.60404474355056e+00     -1.98418011298225e+00     -6.49561999701844e+00     6.79191051289882e-01
5.49999999999993e+00     1.12729800009272e+00     -4.90676881291509e+00     6.67128916301916e+00     -4.75930366459399e+00     -4.65513623788058e+00     6.65742167396163e-01
5.59999999999993e+00     5.62916407266162e-01     -5.23379870979320e+00     6.73720205376956e+00     -6.28157683041920e+00     -1.76782229437219e+00     6.52559589246083e-01
5.69999999999992e+00     -7.62495133680692e-02     -5.24989042228950e+00     6.80180978183691e+00     -6.23420220877385e+00     1.43122565129822e+00     6.39638043632612e-01
5.79999999999992e+00     -6.33625417868406e-01     -4.96336790248751e+00     6.86513819117389e+00     -4.69011442886382e+00     4.16080066983951e+00     6.26972361765214e-01
5.89999999999992e+00     -9.78436925131288e-01     -4.45497079554139e+00     6.92721261398863e+00     -2.07916659268066e+00     5.78317878476470e+00     6.14557477202267e-01
5.99999999999992e+00     -1.03613338933142e+00     -3.85560687172492e+00     6.98805788087792e+00     9.29192319241655e-01     5.95178832100208e+00     6.02388423824409e-01
6.09999999999991e+00     -8.04103738887521e-01     -3.31291743875483e+00     7.04769833075980e+00     3.59623355400333e+00     4.68310218218856e+00     5.90460333848033e-01
6.19999999999991e+00     -3.49483331995004e-01     -2.95513135350653e+00     7.10615782060944e+00     5.29423989886636e+00     2.33844293067631e+00     5.78768435878106e-01
6.29999999999991e+00     2.09718764318955e-01     -2.86100268199390e+00     7.16345973500223e+00     5.65304283716670e+00     -4.76393285196006e-01     5.67308052999545e-01
6.39999999999991e+00     7.34981451953008e-01     -3.04281981694032e+00     7.21962699546800e+00     4.63890462490777e+00     -3.06634329637698e+00     5.56074600906393e-01
6.49999999999991e+00     1.10137344080423e+00     -3.44605776359601e+00     7.27468206965981e+00     2.54943649385909e+00     -4.81765565130195e+00     5.45063586068030e-01
6.59999999999990e+00     1.22705123236377e+00     -3.96510458900676e+00     7.32864698034143e+00     -7.09331915065477e-02     -5.34223524401750e+00     5.34270603931706e-01
6.69999999999990e+00     1.09124307438732e+00     -4.47065145101512e+00     7.38154331419668e+00     -2.57150586995308e+00     -4.56208508173359e+00     5.23691337160657e-01
6.79999999999990e+00     7.36847394709786e-01     -4.84170488612866e+00     7.43339223046438e+00     -4.35589390958525e+00     -2.71589599632321e+00     5.13321553907117e-01
6.89999999999990e+00     2.57624380404084e-01     -4.99434503596892e+00     7.48421446940237e+00     -5.02325005592543e+00     -2.89252894826644e-01     5.03157106119519e-01
6.99999999999990e+00     -2.26336312047132e-01     -4.90044453468973e+00     7.53403036058387e+00     -4.45695541103924e+00     2.11177046717360e+00     4.93193927883219e-01
7.09999999999989e+00     -5.98514970958967e-01     -4.59224207968281e+00     7.58285983102957e+00     -2.84150740422226e+00     3.91102327073139e+00     4.83428033794079e-01
7.19999999999989e+00     -7.73830731422271e-01     -4.15222594141463e+00     7.63072241317872e+00     -6.06363560788706e-01     4.69959884539427e+00     4.73855517364249e-01
7.29999999999989e+00     -7.17860486240035e-01     -3.69133520880988e+00     7.67763725270235e+00     1.68689605319859e+00     4.32756947296214e+00     4.64472549459524e-01
7.39999999999989e+00     -4.53127155917979e-01     -3.32117679923236e+00     7.72362311616182e+00     3.48474143502175e+00     2.92987113943635e+00     4.55275376767631e-01
7.49999999999988e+00     -5.14527678874087e-02     -3.12717132319750e+00     7.76869839851565e+00     4.37443393758997e+00     8.82698104076530e-01     4.46260320296865e-01
7.59999999999988e+00     3.85239089905877e-01     -3.14904655072324e+00     7.81288113047780e+00     4.17771942840260e+00     -1.29638613938475e+00     4.37423773904435e-01
7.69999999999988e+00     7.50603849225742e-01     -3.37307933507668e+00     7.85618898573017e+00     2.98448255477145e+00     -3.07840337911339e+00     4.28762202853962e-01
7.79999999999988e+00     9.59612302262633e-01     -3.73749020824768e+00     7.89863928799231e+00     1.12062649830907e+00     -4.05056346966364e+00     4.20272142401535e-01
7.89999999999988e+00     9.68154042864403e-01     -4.14917817753172e+00     7.94024901795112e+00     -9.39521696231505e-01     -4.01093457881568e+00     4.11950196409773e-01
7.99999999999987e+00     7.82036228832838e-01     -4.50732837538853e+00     7.98103482005340e+00     -2.69304912270923e+00     -3.00871546908649e+00     4.03793035989317e-01
8.09999999999987e+00     4.53630367998992e-01     -4.72794829296249e+00     8.02101300916380e+00     -3.73046753841229e+00     -1.32256218140247e+00     3.95797398167235e-01
8.19999999999987e+00     6.74574979003156e-02     -4.76339819386262e+00     8.06019957709102e+00     -3.83048246889320e+00     6.15392149270936e-01     3.87960084581789e-01
8.29999999999987e+00     -2.81389490330932e-01     -4.61241728958467e+00     8.09861019898473e+00     -3.00580854985722e+00     2.32943090957159e+00     3.80277960203046e-01
8.39999999999987e+00     -5.10518705973466e-01     -4.31860826194780e+00     8.13626023960584e+00     -1.49093756854431e+00     3.41631518225688e+00     3.72747952078825e-01
8.49999999999986e+00     -5.69546518418425e-01     -3.95819697607356e+00     8.17316475947259e+00     3.22924423315864e-01     3.63937198730683e+00     3.65367048105474e-01
8.59999999999986e+00     -4.50953657661579e-01     -3.62043021657115e+00     8.20933852088501e+00     1.98803964867654e+00     2.97885433162211e+00     3.58132295822991e-01
8.69999999999986e+00     -1.90211952649786e-01     -3.38561208501081e+00     8.24479599382998e+00     3.10998196547591e+00     1.62818218025108e+00     3.51040801233999e-01
8.79999999999986e+00     1.44428053442829e-01     -3.30615123497694e+00     8.27955136176944e+00     3.44035821442674e+00     -6.09100202187725e-02     3.44089727646106e-01
8.89999999999985e+00     4.69628366272363e-01     -3.39505673308859e+00     8.31361852731399e+00     2.93079066130259e+00     -1.66913048474411e+00     3.37276294537196e-01
8.99999999999985e+00     7.07587824141984e-01     -3.62435583360028e+00     8.34701111778408e+00     1.73670326717018e+00     -2.81306795398988e+00     3.30597776443178e-01
9.09999999999985e+00     8.04526754287518e-01     -3.93342495641259e+00     8.37974249066115e+00     1.71969867079538e-01     -3.23594878015509e+00     3.24051501867767e-01
9.19999999999985e+00     7.42672576060681e-01     -4.24484257480284e+00     8.41182573893075e+00     -1.37274738922633e+00     -2.86439436534285e+00     3.17634852213846e-01
9.29999999999985e+00     5.43120096271369e-01     -4.48365837467779e+00     8.44327369631999e+00     -2.52691589264324e+00     -1.81886880642130e+00     3.11345260736000e-01
9.39999999999984e+00     2.59236750440072e-01     -4.59531283189273e+00     8.47409894243112e+00     -3.02841150955165e+00     -3.77121185821831e-01     3.05180211513772e-01
9.49999999999984e+00     -3.74312311389684e-02     -4.55795263700238e+00     8.50431380777361e+00     -2.78227693878411e+00     1.09874668309530e+00     2.99137238445275e-01
9.59999999999984e+00     -2.75069829117322e-01     -4.38640134100430e+00     8.53393037869646e+00     -1.87699273919806e+00     2.25262941378746e+00     2.93213924260705e-01
9.69999999999984e+00     -3.98870311083818e-01     -4.12715796603150e+00     8.56296050222293e+00     -5.56015767940781e-01     2.81978314862538e+00     2.87407899555410e-01
9.79999999999984e+00     -3.83537308197372e-01     -3.84597760803551e+00     8.59141579078950e+00     8.46819421461880e-01     2.68688206259395e+00     2.81716841842095e-01
9.89999999999983e+00     -2.38212052904409e-01     -3.61131025692404e+00     8.61930762689103e+00     1.99109112596066e+00     1.91332231590684e+00     2.76138474621791e-01
9.99999999999983e+00     -2.92474099876337e-03     -3.47774119416312e+00     8.64664716763383e+00     2.61187897738413e+00     7.10171943826425e-01     2.70670566473230e-01
1.00999999999998e+01     2.62239056847323e-01     -3.47341348519692e+00     8.67344534919873e+00     2.58048476264593e+00     -6.16512587197248e-01     2.65310930160248e-01
1.01999999999998e+01     4.92368081670109e-01     -3.59429979410323e+00     8.69971289121569e+00     1.93002741314981e+00     -1.74298044952991e+00     2.60057421756857e-01
1.02999999999998e+01     6.33517901958020e-01     -3.80643188968273e+00     8.72546030105175e+00     8.41136971194717e-01     -2.40630313185357e+00     2.54907939789646e-01
1.03999999999998e+01     6.55248001954328e-01     -4.05523989119433e+00     8.75069787801412e+00     -4.07249056362533e-01     -2.46519203153279e+00     2.49860424397170e-01
1.04999999999998e+01     5.57017438007765e-01     -4.27947751913348e+00     8.77543571747014e+00     -1.50879108326896e+00     -1.92919168621214e+00     2.44912856505969e-01
1.05999999999998e+01     3.67142491044201e-01     -4.42620619459572e+00     8.79968371488539e+00     -2.20445947118745e+00     -9.50471216301870e-01     2.40063257022918e-01
1.06999999999998e+01     1.34858521823642e-01     -4.46319460767785e+00     8.82345156978216e+00     -2.34294474275396e+00     2.18346312417348e-01     2.35309686043563e-01
1.07999999999998e+01     -8.23354203489555e-02     -4.38585450106307e+00     8.84674878961933e+00     -1.91280542124557e+00     1.28884800195738e+00     2.30650242076130e-01
1.08999999999998e+01     -2.32822180390755e-01     -4.21725969074254e+00     8.86958469359545e+00     -1.03973401763456e+00     2.00756284010227e+00     2.26083061280904e-01
1.09999999999998e+01     -2.83043540648984e-01     -4.00151496184007e+00     8.89196841637661e+00     4.90338989294458e-02     2.21552069561292e+00     2.21606316724672e-01
1.10999999999998e+01     -2.24858807691924e-01     -3.79232957226990e+00     8.91390891175037e+00     1.08332390018888e+00     1.88275995291359e+00     2.17218217649920e-01
1.11999999999998e+01     -7.65050279725738e-02     -3.63973008299910e+00     8.93541495620742e+00     1.81665059059899e+00     1.11047115646268e+00     2.12917008758510e-01
1.12999999999998e+01     1.22821099514624e-01     -3.57817942836517e+00     8.95649515245230e+00     2.08453863827121e+00     1.01530388099906e-01     2.08700969509534e-01
1.13999999999998e+01     3.23207122809069e-01     -3.61890301193817e+00     8.97715793284457e+00     1.84084351574733e+00     -8.92255011657722e-01     2.04568413431079e-01
1.14999999999998e+01     4.76442908555974e-01     -3.74810151282565e+00     8.99741156277190e+00     1.16420385416058e+00     -1.63259424021475e+00     2.00517687445612e-01
1.15999999999998e+01     5.47542592540064e-01     -3.93124918488140e+00     9.01726414395633e+00     2.34245557084976e-01     -1.95146312572405e+00     1.96547171208727e-01
1.16999999999998e+01     5.22635912656366e-01     -4.12220581274483e+00     9.03672361769500e+00     -7.15556246255374e-01     -1.78873840073288e+00     1.92655276460990e-01
1.17999999999998e+01     4.11474372833682e-01     -4.27476325645099e+00     9.05579776803691e+00     -1.45611115682166e+00     -1.20241921287822e+00     1.88840446392609e-01
1.18999999999998e+01     2.44160964449285e-01     -4.35375557719976e+00     9.07449422489650e+00     -1.81761007888861e+00     -3.50053706806484e-01     1.85101155020691e-01
1.19999999999998e+01     6.31160487901381e-02     -4.34307921656719e+00     9.09282046710580e+00     -1.72801929259395e+00     5.53035599362735e-01     1.81435906578829e-01
1.20999999999998e+01     -8.76025742125526e-02     -4.24881650574281e+00     9.11078382540606e+00     -1.22656201387150e+00     1.28777617221131e+00     1.77843234918777e-01
1.21999999999998e+01     -1.72954436879696e-01     -4.09690368021399e+00     9.12839148538011e+00     -4.49927513693983e-01     1.68415292044127e+00     1.74321702923967e-01
1.22999999999998e+01     -1.74985818628772e-01     -3.92611787298843e+00     9.14565049032671e+00     4.04407798783643e-01     1.66015266774153e+00     1.70869901934647e-01
1.23999999999998e+01     -9.64754608654728e-02     -3.77825241076745e+00     9.16256774407796e+00     1.12803303833592e+00     1.23802778648084e+00     1.67486451184396e-01
1.24999999999998e+01     4.05463153026477e-02     -3.68795231290274e+00     9.17915001376094e+00     1.55212917242584e+00     5.34858886067297e-01     1.64169997247802e-01
1.25999999999998e+01     2.00848098910110e-01     -3.67466664847699e+00     9.19540393250460e+00     1.58649713783309e+00     -2.69307164855165e-01     1.60919213499069e-01
1.26999999999998e+01     3.44983899497037e-01     -3.73856923196379e+00     9.21133600209317e+00     1.23815706028172e+00     -9.77205651092440e-01     1.57732799581354e-01
1.27999999999998e+01     4.38940387399419e-01     -3.86127263542649e+00     9.22695259556692e+00     6.05848745387726e-01     -1.42244740991181e+00     1.54609480886603e-01
1.28999999999998e+01     4.62099963251349e-01     -4.01097593515346e+00     9.24225995977147e+00     -1.47299668417546e-01     -1.50830462922606e+00     1.51548008045695e-01
1.29999999999998e+01     4.11671539996835e-01     -4.15063493378315e+00     9.25726421785658e+00     -8.35508976915056e-01     -1.22823071322756e+00     1.48547156428672e-01
1.30999999999998e+01     3.02662473823790e-01     -4.24707239585684e+00     9.27197137172556e+00     -1.29589447404890e+00     -6.63897889947595e-01     1.45605725654875e-01
1.31999999999998e+01     1.63573225280715e-01     -4.27880152983643e+00     9.28638730443605e+00     -1.42672229423827e+00     3.78941795636963e-02     1.42722539112776e-01
1.32999999999998e+01     2.90173773984340e-02     -4.24073257081917e+00     9.30051778255337e+00     -1.20946632957550e+00     7.03059627171650e-01     1.39896443489314e-01
1.33999999999998e+01     -6.88384386946472e-02     -4.14475331608553e+00     9.31436845845714e+00     -7.09998892688646e-01     1.17314285669033e+00     1.37126308308559e-01
1.34999999999998e+01     -1.07910777208680e-01     -4.01620584959811e+00     9.32794487260243e+00     -5.94470925487331e-02     1.34279505596301e+00     1.34411025479503e-01
1.35999999999998e+01     -8.11124050164865e-02     -3.88726728931350e+00     9.34125245573590e+00     5.79886034435875e-01     1.18301548294512e+00     1.31749508852809e-01
1.36999999999998e+01     2.53208685941091e-03     -3.78894708106619e+00     9.35429653106825e+00     1.05475817729724e+00     7.45128981916169e-01     1.29140693786340e-01
1.37999999999998e+01     1.20687358269601e-01     -3.74367876679734e+00     9.36708231640352e+00     1.25746869435946e+00     1.45298962011450e-01     1.26583536719285e-01
1.38999999999997e+01     2.43598186631698e-01     -3.76026370014876e+00     9.37961492622634e+00     1.14996186192997e+00     -4.65938193128755e-01     1.24077014754720e-01
1.39999999999997e+01     3.41532932706526e-01     -3.83228991239210e+00     9.39189937374775e+00     7.70243851498267e-01     -9.41206681054224e-01     1.21620125250439e-01
1.40999999999997e+01     3.91929474972346e-01     -3.94026993738915e+00     9.40394057291054e+00     2.20264418059860e-01     -1.17159338738392e+00     1.19211885417882e-01
1.41999999999997e+01     3.84537547040489e-01     -4.05683788507792e+00     9.41574334035492e+00     -3.61096934797627e-01     -1.11132015818688e+00     1.16851331929004e-01
1.42999999999997e+01     3.23399930798946e-01     -4.15363654176613e+00     9.42731239734526e+00     -8.32862694990384e-01     -7.86272345641515e-01     1.14537520530938e-01
1.43999999999997e+01     2.25320218469793e-01     -4.20817271665901e+00     9.43865237165859e+00     -1.08592762698894e+00     -2.84966549017173e-01     1.12269525668270e-01
1.44999999999997e+01     1.15323224871337e-01     -4.20899419896510e+00     9.44976779943585e+00     -1.06803563979971e+00     2.65182715436324e-01     1.10046440112817e-01
1.45999999999997e+01     2.03171909164873e-02     -4.15800970485352e+00     9.46066312699636e+00     -7.94111962450839e-01     7.30015986388256e-01     1.07867374600715e-01
1.46999999999997e+01     -3.74482402523859e-02     -4.06950617290592e+00     9.47134271261642e+00     -3.40041216479087e-01     1.00114243584310e+00     1.05731457476703e-01
1.47999999999997e+01     -4.55477020441983e-02     -3.96622912832922e+00     9.48181082827267e+00     1.77963898762769e-01     1.02098433588682e+00     1.03637834345454e-01
1.48999999999997e+01     -3.98168513269999e-03     -3.87358347243416e+00     9.49207166135094e+00     6.32878974855806e-01     7.94625120150320e-01     1.01585667729800e-01
1.49999999999997e+01     7.53108053165584e-02     -3.81342240447336e+00     9.50212931632130e+00     9.17825816569930e-01     3.86130454311869e-01     9.95741367357304e-02
1.50999999999997e+01     1.71790250559727e-01     -3.79893363761043e+00     9.51198781637981e+00     9.70973761835965e-01     -9.91645252765629e-02     9.76024367240284e-02
1.51999999999997e+01     2.61591116398126e-01     -3.83180912934345e+00     9.52165110505796e+00     7.88636130003180e-01     -5.41593756121951e-01     9.56697789883993e-02
1.52999999999997e+01     3.23389039251159e-01     -3.90228912562317e+00     9.53112304780006e+00     4.23876564033976e-01     -8.36487371131175e-01     9.37753904399794e-02
1.53999999999997e+01     3.43427112747790e-01     -3.99195722793811e+00     9.54040743350951e+00     -2.84715622400809e-02     -9.18744118151338e-01     9.19185132980909e-02
1.54999999999997e+01     3.18526033674445e-01     -4.07850673903011e+00     9.54950797606438e+00     -4.56238901885390e-01     -7.76928820566214e-01     9.00984047871181e-02
1.55999999999997e+01     2.56433585675896e-01     -4.14125526330359e+00     9.55842831580303e+00     -7.57563033653057e-01     -4.53916875718778e-01     8.83143368393882e-02
1.56999999999997e+01     1.73533778254800e-01     -4.16605262879677e+00     9.56717202098030e+00     -8.64969899634743e-01     -3.44583655146589e-02     8.65655958039342e-02
1.57999999999997e+01     9.05698451396636e-02     -4.14842615797292e+00     9.57574258919485e+00     -7.60244758892481e-01     3.76836005896253e-01     8.48514821610251e-02
1.58999999999997e+01     2.74870807068780e-02     -4.09427634510148e+00     9.58414344878823e+00     -4.76879141648706e-01     6.81419865485892e-01     8.31713102423486e-02
1.59999999999997e+01     -1.33030053061685e-03     -4.01805176398719e+00     9.59237796021629e+00     -8.99927598297690e-02     8.10261855450509e-01     8.15244079567347e-02
1.60999999999997e+01     9.70122730027239e-03     -3.93894076053198e+00     9.60044941739342e+00     3.03355951880105e-01     7.39282015605020e-01     7.99101165213101e-02
1.61999999999997e+01     5.63674194911499e-02     -3.87607312990565e+00     9.60836104901009e+00     6.08360866573589e-01     4.93377528525367e-01     7.83277901979764e-02
1.62999999999997e+01     1.26053452383832e-01     -3.84392401300445e+00     9.61611601982445e+00     7.55169244501058e-01     1.38517540681715e-01     7.67767960351064e-02
1.63999999999998e+01     2.01105652362908e-01     -3.84901688943436e+00     9.62371743192821e+00     7.14694422355691e-01     -2.35724883927684e-01     7.52565136143546e-02
1.64999999999998e+01     2.63272642841084e-01     -3.88866725967579e+00     9.63116832598758e+00     5.04009173052897e-01     -5.38629762270275e-01     7.37663348024822e-02
1.65999999999998e+01     2.98116026572950e-01     -3.95198899217783e+00     9.63847168245951e+00     1.80431833796361e-01     -7.00182334429196e-01     7.23056635080950e-02
1.66999999999998e+01     2.98331562818544e-01     -4.02283271040281e+00     9.64563042278399e+00     -1.73829864577703e-01     -6.87091272012170e-01     7.08739154431994e-02
1.67999999999998e+01     2.65225218511171e-01     -4.08387413717179e+00     9.65264741055259e+00     -4.72415729561103e-01     -5.09351265121509e-01     6.94705178894792e-02
1.68999999999998e+01     2.08061630279885e-01     -4.12082455407520e+00     9.65952545265398e+00     -6.45735096431943e-01     -2.16143240584399e-01     6.80949094692008e-02
1.69999999999999e+01     1.41525017279220e-01     -4.12574648209704e+00     9.66626730039671e+00     -6.57037413940989e-01     1.17524210023297e-01     6.67465399206542e-02
1.70999999999999e+01     8.19768996988604e-02     -4.09871264852901e+00     9.67287565060977e+00     -5.09958622584760e-01     4.09858031211488e-01     6.54248698780416e-02
1.71999999999999e+01     4.34573664295040e-02     -4.04747442018597e+00     9.67935314672136e+00     -2.46063574215694e-01     5.92208051889662e-01     6.41293706557235e-02
1.72999999999999e+01     3.44011583937549e-02     -3.98529745452702e+00     9.68570237981629e+00     6.66324956862129e-02     6.25053698936617e-01     6.28595240367373e-02
1.73999999999999e+01     5.58299235351403e-02     -3.92755669692362e+00     9.69192588967246e+00     3.51050530674914e-01     5.06361721709011e-01     6.16148220655041e-02
1.74999999999999e+01     1.01397305726242e-01     -3.88795786165933e+00     9.69802616577678e+00     5.39931230558152e-01     2.70605043700644e-01     6.03947668446389e-02
1.76000000000000e+01     1.59203378517177e-01     -3.87530831872922e+00     9.70400564832104e+00     5.91617730650528e-01     -2.09552288400559e-02     5.91988703357858e-02
1.77000000000000e+01     2.14872895111662e-01     -3.89159205464750e+00     9.70986672917799e+00     4.99065147740204e-01     -2.96046064628824e-01     5.80266541643959e-02
1.78000000000000e+01     2.55107853248361e-01     -3.93176031261731e+00     9.71561175285812e+00     2.90176866263820e-01     -4.89187203718355e-01     5.68776494283708e-02
1.79000000000000e+01     2.70841815153583e-01     -3.98522096500172e+00     9.72124301744750e+00     1.97268119607399e-02     -5.57164882767583e-01     5.57513965104958e-02
1.80000000000000e+01     2.59253365973985e-01     -4.03860199611671e+00     9.72676277552704e+00     -2.44860653778263e-01     -4.88546430646598e-01     5.46474448945868e-02
1.81000000000000e+01     2.24199451561418e-01     -4.07907485377951e+00     9.73217323507358e+00     -4.40214159209756e-01     -3.05182287051204e-01     5.35653529852780e-02
1.82000000000000e+01     1.75026387760611e-01     -4.09741685321563e+00     9.73747656034309e+00     -5.22089543630196e-01     -5.56485681599463e-02     5.25046879313776e-02
1.83000000000001e+01     1.24107961902776e-01     -4.09008672790864e+00     9.74267487273637e+00     -4.75255231923671e-01     1.97477536067833e-01     5.14650254527215e-02
1.84000000000001e+01     8.37523264171815e-02     -4.05985310379913e+00     9.74777025164771e+00     -3.16015984279011e-01     3.93208988673904e-01     5.04459496704561e-02
1.85000000000001e+01     6.32459521235689e-02     -4.01488156557497e+00     9.75276473529659e+00     -8.70570182995268e-02     4.86746552497136e-01     4.94470529406804e-02
1.86000000000001e+01     6.67398383097126e-02     -3.96656020453241e+00     9.75766032154307e+00     1.53851009676028e-01     4.59612849357906e-01     4.84679356913838e-02
1.87000000000001e+01     9.24530647552976e-02     -3.92663580529161e+00     9.76245896868693e+00     3.48330360590895e-01     3.23061837281821e-01     4.75082062626115e-02
1.88000000000001e+01     1.33333481284215e-01     -3.90437610192474e+00     9.76716259625102e+00     4.51452794119467e-01     1.14207813963860e-01     4.65674807497955e-02
1.89000000000002e+01     1.78959583830666e-01     -3.90443921508457e+00     9.77177308574906e+00     4.42012007811036e-01     -1.13910076136428e-01     4.56453828501875e-02
1.90000000000002e+01     2.18177738501038e-01     -3.92593468355519e+00     9.77629228143833e+00     3.26691034523849e-01     -3.05701755794163e-01     4.47415437123327e-02
1.91000000000002e+01     2.41811987174116e-01     -3.96285507535410e+00     9.78072199105737e+00     1.37362225794704e-01     -4.16488920799776e-01     4.38556017885247e-02
1.92000000000002e+01     2.44792208555114e-01     -4.00572068698638e+00     9.78506398654909e+00     -7.75618766429114e-02     -4.22816905378306e-01     4.29872026901813e-02
1.93000000000002e+01     2.27211876253468e-01     -4.04399441396778e+00     9.78932000476956e+00     -2.65414445089566e-01     -3.27260498473797e-01     4.21359990460843e-02
1.94000000000002e+01     1.94103122249017e-01     -4.06865610982077e+00     9.79349174818285e+00     -3.82101173553648e-01     -1.56784389280942e-01     4.13016503634265e-02
1.95000000000002e+01     1.54033470920202e-01     -4.07431135829697e+00     9.79758088554193e+00     -4.02363485668879e-01     4.46949170583721e-02     4.04838228916102e-02
1.96000000000003e+01     1.16907762139222e-01     -4.06034601037168e+00     9.80158905255627e+00     -3.25111604286207e-01     2.27530391378214e-01     3.96821894887420e-02
1.97000000000003e+01     9.15347997508780e-02     -4.03088637576204e+00     9.80551785254612e+00     -1.72738838760347e-01     3.48503276398004e-01     3.88964294907722e-02
1.98000000000003e+01     8.35528770756509e-02     -3.99362146904366e+00     9.80936885708386e+00     1.51820793666094e-02     3.80959908430464e-01     3.81262285832246e-02
1.99000000000003e+01     9.41987675902129e-02     -3.95781503703941e+00     9.81314360662265e+00     1.92085061284937e-01     3.20569169456804e-01     3.73712786754668e-02
2.00000000000003e+01     1.20183016723992e-01     -3.93201700330401e+00     9.81684361111263e+00     3.15878380135151e-01     1.85488317040828e-01     3.66312777774696e-02
2.01000000000003e+01     1.54658133307427e-01     -3.92203623621312e+00     9.82047035060493e+00     3.58887192272919e-01     1.11165807054767e-02     3.59059298790069e-02
2.02000000000004e+01     1.89004094657354e-01     -3.92965169781296e+00     9.82402527584373e+00     3.13940692003762e-01     -1.59090133724194e-01     3.51949448312480e-02
2.03000000000004e+01     2.14969920204215e-01     -3.95234283374435e+00     9.82750980884651e+00     1.95291847237407e-01     -2.84381034272218e-01     3.44980382306937e-02
2.04000000000004e+01     2.26642562875709e-01     -3.98406404780431e+00     9.83092534347291e+00     3.43512484033119e-02     -3.36400004817695e-01     3.38149313054117e-02
2.05000000000004e+01     2.21776609235906e-01     -4.01683615464900e+00     9.83427324598236e+00     -1.28536095092190e-01     -3.05515815249745e-01     3.31453508035237e-02
2.06000000000004e+01     2.02190219554008e-01     -4.04274022479842e+00     9.83755485558048e+00     -2.54139167902886e-01     -2.02403052810370e-01     3.24890288839009e-02
2.07000000000004e+01     1.73168745415361e-01     -4.05581876562227e+00     9.84077148495486e+00     -3.13727577194429e-01     -5.46799739523641e-02     3.18457030090245e-02
2.08000000000005e+01     1.42058292144053e-01     -4.05343086789848e+00     9.84392442080016e+00     -2.95565997921233e-01     1.00394712859418e-01     3.12151158399668e-02
2.09000000000005e+01     1.16419066689443e-01     -4.03675697960482e+00     9.84701492433273e+00     -2.07068711362002e-01     2.25256062473738e-01     3.05970151334521e-02
2.10000000000005e+01     1.02199668260988e-01     -4.01036531356154e+00     9.85004423179521e+00     -7.22665014599067e-02     2.91074721407352e-01     2.99911536409565e-02
2.11000000000005e+01     1.02370362565194e-01     -3.98098090924657e+00     9.85301355495096e+00     7.46213812540970e-02     2.84344369023329e-01     2.93972890098046e-02
2.12000000000005e+01     1.16325874692299e-01     -3.95578450474141e+00     9.85592408156886e+00     1.97812301354487e-01     2.09527527486775e-01     2.88151836862258e-02
2.13000000000005e+01     1.40171083391401e-01     -3.94066857052663e+00     9.85877697589834e+00     2.68622930688562e-01     8.72782971483093e-02     2.82446048203290e-02
2.14000000000005e+01     1.67786322796900e-01     -3.93887139753360e+00     9.86157337913518e+00     2.72085747772613e-01     -5.11573344777944e-02     2.76853241729600e-02
2.15000000000006e+01     1.92385646691400e-01     -3.95030275216109e+00     9.86431440987796e+00     2.10009109856240e-01     -1.71867683024796e-01     2.71371180244029e-02
2.16000000000006e+01     2.08174152099792e-01     -3.97169607984204e+00     9.86700116457553e+00     9.98847703698479e-02     -2.46531544530564e-01     2.65997670848885e-02
2.17000000000006e+01     2.11702092400374e-01     -3.99751826120083e+00     9.86963471796559e+00     -2.99317244842436e-02     -2.59006809761714e-01     2.60730564068764e-02
2.18000000000006e+01     2.02602168769648e-01     -4.02138853054454e+00     9.87221612350460e+00     -1.47463086476652e-01     -2.08733137739342e-01     2.55567752990725e-02
2.19000000000006e+01     1.83556956568639e-01     -4.03764551406450e+00     9.87474641378922e+00     -2.24938961636215e-01     -1.10255680030305e-01     2.50507172421497e-02
2.20000000000006e+01     1.59534483520847e-01     -4.04267989695362e+00     9.87722660096927e+00     -2.45306381472252e-01     1.08635617864774e-02     2.45546798061378e-02
2.21000000000007e+01     1.36504406745971e-01     -4.03572156418938e+00     9.87965767715271e+00     -2.05908702296082e-01     1.24622279108009e-01     2.40684645694485e-02
2.22000000000007e+01     1.19963758627028e-01     -4.01891339333067e+00     9.88204061480243e+00     -1.18559718378739e-01     2.03963885530981e-01     2.35918770395040e-02
2.23000000000007e+01     1.13634108027988e-01     -3.99668193187054e+00     9.88437636712525e+00     -6.13648095827275e-03     2.31165846234154e-01     2.31247265749380e-02
2.24000000000007e+01     1.18636590538918e-01     -3.97458380458856e+00     9.88666586845325e+00     1.03353658949407e-01     2.01733808223111e-01     2.26668263093357e-02
2.25000000000007e+01     1.33324375568371e-01     -3.95792570716874e+00     9.88891003461751e+00     1.83706589042623e-01     1.24963263591883e-01     2.22179930764855e-02
2.26000000000007e+01     1.53787063193933e-01     -3.95049858832486e+00     9.89110976331439e+00     2.16749645736898e-01     2.11644016952936e-02     2.17780473371097e-02
2.27000000000007e+01     1.74879417662522e-01     -3.95372581896146e+00     9.89326593446471e+00     1.96395021660205e-01     -8.36519245203322e-02     2.13468131070467e-02
2.28000000000008e+01     1.91506592167138e-01     -3.96641387787691e+00     9.89537941056567e+00     1.29629292182036e-01     -1.64250185260320e-01     2.09241178868544e-02
2.29000000000008e+01     1.99846846799994e-01     -3.98514185889695e+00     9.89745103703590e+00     3.43213361552221e-02     -2.02205862220592e-01     2.05097925928088e-02
2.30000000000008e+01     1.98220294998424e-01     -4.00517112159146e+00     9.89948164255360e+00     -6.54996669570014e-02     -1.90067250673841e-01     2.01036714892679e-02
2.31000000000008e+01     1.87408729579270e-01     -4.02163602960353e+00     9.90147203938807e+00     -1.45661893933513e-01     -1.32716441975653e-01     1.97055921223753e-02
2.32000000000008e+01     1.70371172404490e-01     -4.03071852660428e+00     9.90342302372456e+00     -1.87666867502333e-01     -4.57121567016032e-02     1.93153952550763e-02
2.33000000000008e+01     1.51447217554861e-01     -4.03052484031907e+00     9.90533537598284e+00     -1.82913645106329e-01     4.88688802894958e-02     1.89329248034214e-02
2.34000000000009e+01     1.35259751416387e-01     -4.02146525319035e+00     9.90720986112929e+00     -1.34378216235068e-01     1.27994293556127e-01     1.85580277741302e-02
2.35000000000009e+01     1.25592600230818e-01     -4.00606513585425e+00     9.90904722898298e+00     -5.54441993174212e-02     1.73250026016750e-01     1.81905542033924e-02
2.36000000000009e+01     1.24513878079088e-01     -3.98827496750161e+00     9.91084821451555e+00     3.37223868760911e-02     1.75085603104872e-01     1.78303570968798e-02
2.37000000000009e+01     1.31946129903899e-01     -3.97246484468366e+00     9.91261353814521e+00     1.11286550600893e-01     1.34762319417225e-01     1.74772923709473e-02
2.38000000000009e+01     1.45769079040166e-01     -3.96235754882610e+00     9.91434390602497e+00     1.59058440061427e-01     6.36261145643796e-02     1.71312187949968e-02
2.39000000000009e+01     1.62409397192578e-01     -3.96015904966943e+00     9.91604001032503e+00     1.66722872214282e-01     -2.00151760290140e-02     1.67919979349836e-02
2.40000000000010e+01     1.77756632171758e-01     -3.96608771169898e+00     9.91770252950975e+00     1.34010115070722e-01     -9.55656185190075e-02     1.64594940980407e-02
2.41000000000010e+01     1.88172334847935e-01     -3.97839973904318e+00     9.91933212860895e+00     7.03668378144467e-02     -1.45181726431048e-01     1.61335742781999e-02
2.42000000000010e+01     1.91346158089457e-01     -3.99388528463484e+00     9.92092945948401e+00     -7.69565479213503e-03     -1.57953733520326e-01     1.58141081031875e-02
2.43000000000010e+01     1.86799139869026e-01     -4.00869751444535e+00     9.92249516108857e+00     -8.08474002005842e-02     -1.32256196456072e-01     1.55009677822740e-02
2.44000000000010e+01     1.75927025998633e-01     -4.01930228187857e+00     9.92402985972417e+00     -1.31696814592601e-01     -7.57746736174613e-02     1.51940280551558e-02
2.45000000000010e+01     1.61591253925177e-01     -4.02331540143479e+00     9.92553416929070e+00     -1.48895257959024e-01     -3.29318933893475e-03     1.48931661418493e-02
2.46000000000010e+01     1.47373652920199e-01     -4.02003066600810e+00     9.92700869153206e+00     -1.29628060624617e-01     6.71378686006149e-02     1.45982616935778e-02
2.47000000000011e+01     1.36687200889787e-01     -4.01052380970916e+00     9.92845401627680e+00     -7.99564887237844e-02     1.18668757492885e-01     1.43091967446297e-02
2.48000000000011e+01     1.31962237215695e-01     -3.99732405315658e+00     9.92987072167409e+00     -1.30127132260646e-02     1.39653624552830e-01     1.40258556651714e-02
2.49000000000011e+01     1.34100790226228e-01     -3.98374914015631e+00     9.93125937442499e+00     5.44341411731921e-02     1.26245876900110e-01     1.37481251149931e-02
2.50000000000011e+01     1.42319674540851e-01     -3.97307690361946e+00     9.93262053000910e+00     1.06151546994510e-01     8.30170080196254e-02     1.34758939981715e-02
2.51000000000011e+01     1.54404830493532e-01     -3.96775890858221e+00     9.93395473290680e+00     1.30324490990262e-01     2.15276292487689e-02     1.32090534186302e-02
2.52000000000011e+01     1.67299642768657e-01     -3.96886354609615e+00     9.93526251681706e+00     1.22222340965514e-01     -4.27255046240663e-02     1.29474966365794e-02
2.53000000000012e+01     1.77872723343892e-01     -3.97587344957676e+00     9.93654440487085e+00     8.50582074474327e-02     -9.41889268041184e-02     1.26911190258188e-02
2.54000000000012e+01     1.83673563015560e-01     -3.98687203726539e+00     9.93780090984052e+00     2.89051010699243e-02     -1.20993407624732e-01     1.24398180318857e-02
2.55000000000012e+01     1.83494884494739e-01     -3.99905908207804e+00     9.93903253434479e+00     -3.19943872891496e-02     -1.17662606058097e-01     1.21934931310318e-02
2.56000000000012e+01     1.77614098588429e-01     -4.00945847537323e+00     9.94023977104989e+00     -8.28151965838476e-02     -8.61787978675104e-02     1.19520457900124e-02
2.57000000000012e+01     1.67668405039515e-01     -4.01564051712350e+00     9.94142310286659e+00     -1.11736266625371e-01     -3.52139217728858e-02     1.17153794266718e-02
2.58000000000012e+01     1.56207926147900e-01     -4.01628453957638e+00     9.94258300314341e+00     -1.12664283111444e-01     2.22172771757649e-02     1.14833993713089e-02
2.59000000000012e+01     1.46046914941799e-01     -4.01145288215492e+00     9.94371993585591e+00     -8.64737937629656e-02     7.20560017219795e-02     1.12560128288086e-02
2.60000000000013e+01     1.39576911383060e-01     -4.00252167788878e+00     9.94483435579234e+00     -4.05237717204927e-02     1.02619778662442e-01     1.10331288415220e-02
2.61000000000013e+01     1.38208441409464e-01     -3.99179854547041e+00     9.94592670873554e+00     1.33655843660930e-02     1.07317502046747e-01     1.08146582528824e-02
2.62000000000013e+01     1.42070422354077e-01     -3.98193136230991e+00     9.94699743164124e+00     6.19291039796808e-02     8.60341606915825e-02     1.06005136717413e-02
2.63000000000013e+01     1.50029426528461e-01     -3.97525842890927e+00     9.94804695281289e+00     9.37019701479695e-02     4.49045531395391e-02     1.03906094374109e-02
2.64000000000013e+01     1.60011630592744e-01     -3.97325852941598e+00     9.94907569207295e+00     1.01705026801586e-01     -5.40644708053908e-03     1.01848615853988e-02
2.65000000000013e+01     1.69538192393994e-01     -3.97622916521645e+00     9.95008406093084e+00     8.49465354389940e-02     -5.24451289266910e-02     9.98318781382089e-03
2.66000000000014e+01     1.76336993360374e-01     -3.98326136063541e+00     9.95107246274755e+00     4.84257981509049e-02     -8.50326946748020e-02     9.78550745047941e-03
2.67000000000014e+01     1.78880702143798e-01     -3.99250546816127e+00     9.95204129289698e+00     1.69651876495122e-03     -9.59024170867474e-02     9.59174142059329e-03
2.68000000000014e+01     1.76724709343197e-01     -4.00165266897212e+00     9.95299093892411e+00     -4.36082867292220e-02     -8.32930129215738e-02     9.40181221516699e-03
2.69000000000014e+01     1.70571548094415e-01     -4.00850796865642e+00     9.95392178070002e+00     -7.66541529009472e-02     -5.11561467408049e-02     9.21564385998593e-03
2.70000000000014e+01     1.62057039817808e-01     -4.01151336446236e+00     9.95483419057382e+00     -8.99782302753111e-02     -7.98252619658193e-03     9.03316188522576e-03
2.71000000000014e+01     1.53320482488556e-01     -4.01009737950430e+00     9.95572853352163e+00     -8.11509940191621e-02     3.54170634580633e-02     8.85429329566343e-03
2.72000000000015e+01     1.46470666919283e-01     -4.00477375152278e+00     9.95660516729257e+00     -5.31628909977060e-02     6.86014157081291e-02     8.67896654147819e-03
2.73000000000015e+01     1.43080164121951e-01     -3.99697538929189e+00     9.95746444255181e+00     -1.34929792838131e-02     8.39942572486113e-02     8.50711148963063e-03
2.74000000000015e+01     1.43828337877894e-01     -3.98867389035605e+00     9.95830670302091e+00     2.78648806441982e-02     7.85930886817253e-02     8.33865939580861e-03
2.75000000000015e+01     1.48373063167217e-01     -3.98188448826898e+00     9.95913228561531e+00     6.09029460216930e-02     5.45115818176955e-02     8.17354287692850e-03
2.76000000000015e+01     1.55473018957046e-01     -3.97817992195240e+00     9.95994152057904e+00     7.80057864466246e-02     1.82708896052327e-02     8.01169588418120e-03
2.77000000000015e+01     1.63321333580252e-01     -3.97832973288773e+00     9.96073473161688e+00     7.56870688453681e-02     -2.09407213237321e-02     7.85305367661161e-03
2.78000000000015e+01     1.70002094138038e-01     -3.98214677739371e+00     9.96151223602383e+00     5.52656942038681e-02     -5.35811152114631e-02     7.69755279522144e-03
2.79000000000016e+01     1.73955167125702e-01     -3.98856972418220e+00     9.96227434481202e+00     2.23603456638974e-02     -7.20618907920843e-02     7.54513103758475e-03
2.80000000000016e+01     1.74337271317587e-01     -3.99595245340421e+00     9.96302136283511e+00     -1.46297212845110e-02     -7.24958659071114e-02     7.39572743296620e-03
2.81000000000016e+01     1.71196576611057e-01     -4.00248267903527e+00     9.96375358891028e+00     -4.66527104985122e-02     -5.54863472482481e-02     7.24928221793185e-03
2.82000000000016e+01     1.65426170700973e-01     -4.00662409968696e+00     9.96447131593772e+00     -6.62057325749240e-02     -2.58060335674903e-02     7.10573681244306e-03
2.83000000000016e+01     1.58516249931106e-01     -4.00747487155082e+00     9.96517483101782e+00     -6.90776077402302e-02     8.91372465461369e-03     6.96503379642366e-03
2.84000000000016e+01     1.52172494553778e-01     -4.00495951519459e+00     9.96586441556598e+00     -5.52320748836138e-02     4.01294302700098e-02     6.82711688679119e-03
2.85000000000017e+01     1.47897609921910e-01     -3.99981465701582e+00     9.96654034542521e+00     -2.86528070633993e-02     6.04748817935982e-02     6.69193091494287e-03
2.86000000000017e+01     1.46638066570861e-01     -3.99338011666532e+00     9.96720289097649e+00     3.77180335930152e-03     6.54856904787410e-02     6.55942180468746e-03
2.87000000000017e+01     1.48578398939812e-01     -3.98725319111189e+00     9.96785231724685e+00     3.40183646526711e-02     5.45586435233041e-02     6.42953655061405e-03
2.88000000000017e+01     1.53126723125288e-01     -3.98289460230501e+00     9.96848888401548e+00     5.49016438499540e-02     3.09453048345451e-02     6.30222319688918e-03
2.89000000000017e+01     1.59087457088110e-01     -3.98128272560505e+00     9.96911284591756e+00     6.17688805572109e-02     8.19259680441355e-04     6.17743081647383e-03
2.90000000000017e+01     1.64972384705239e-01     -3.98269732205864e+00     9.96972445254617e+00     5.35189127658105e-02     -2.83224591144859e-02     6.05510949075192e-03
2.91000000000017e+01     1.69369865888547e-01     -3.98667968280141e+00     9.97032394855212e+00     3.27276128153216e-02     -4.95133928824693e-02     5.93521028956217e-03
2.92000000000018e+01     1.71281162504006e-01     -3.99217184881460e+00     9.97091157374180e+00     4.88452342625551e-03     -5.79714427571268e-02     5.81768525162544e-03
2.93000000000018e+01     1.70344323840694e-01     -3.99779441889724e+00     9.97148756317313e+00     -2.30409592542383e-02     -5.21627354240417e-02     5.70248736535954e-03
2.94000000000018e+01     1.66896223137213e-01     -4.00219073255394e+00     9.97205214724956e+00     -4.43329073970644e-02     -3.40429691752929e-02     5.58957055007396e-03
2.95000000000018e+01     1.61864179080528e-01     -4.00435209089292e+00     9.97260555181224e+00     -5.41332902806025e-02     -8.45047722407796e-03     5.47888963753700e-03
2.96000000000018e+01     1.56519896252136e-01     -4.00384658279857e+00     9.97314799823039e+00     -5.05368932431712e-02     1.81698352990136e-02     5.37040035390790e-03
2.97000000000018e+01     1.52160270600575e-01     -4.00090029108365e+00     9.97367970348980e+00     -3.49335095382673e-02     3.93787052138340e-02     5.26405930202666e-03
2.98000000000019e+01     1.49794655236814e-01     -3.99631714663814e+00     9.97420088027966e+00     -1.15446642379689e-02     5.02901531435410e-02     5.15982394405462e-03
2.99000000000019e+01     1.49913507947442e-01     -3.99126302264977e+00     9.97471173707764e+00     1.37021851617852e-02     4.86850647927229e-02     5.05765258445877e-03
3.00000000000019e+01     1.52390841661986e-01     -3.98697129131539e+00     9.97521247823326e+00     3.46653750907587e-02     3.54400499531313e-02     4.95750435333297e-03
