1.00000e-01     1.89900e+00     -4.83188e-01     1.98013e-01     1.72043e+01     -9.39836e+00     1.96040e+00
2.00000e-01     3.30548e+00     -1.79121e+00     3.92106e-01     1.03829e+01     -1.61692e+01     1.92158e+00
3.00000e-01     3.90070e+00     -3.57732e+00     5.82355e-01     1.33328e+00     -1.87880e+01     1.88353e+00
4.00000e-01     3.57339e+00     -5.39345e+00     7.68837e-01     -7.68193e+00     -1.67882e+01     1.84623e+00
5.00000e-01     2.43839e+00     -6.80190e+00     9.51626e-01     -1.44972e+01     -1.08316e+01     1.80967e+00
6.00000e-01     8.00200e-01     -7.48012e+00     1.13080e+00     -1.75606e+01     -2.50498e+00     1.77384e+00
7.00000e-01     -9.27700e-01     -7.29371e+00     1.30642e+00     -1.62830e+01     6.09724e+00     1.73872e+00
8.00000e-01     -2.32647e+00     -6.32139e+00     1.47856e+00     -1.11417e+01     1.28966e+01     1.70429e+00
9.00000e-01     -3.07279e+00     -4.82768e+00     1.64730e+00     -3.52384e+00     1.63295e+01     1.67054e+00
1.00000e+00     -3.01287e+00     -3.19206e+00     1.81269e+00     4.64227e+00     1.57028e+01     1.63746e+00
1.10000e+00     -2.19272e+00     -1.81324e+00     1.97481e+00     1.13723e+01     1.13262e+01     1.60504e+00
1.20000e+00     -8.39277e-01     -1.01256e+00     2.13372e+00     1.51050e+01     4.39890e+00     1.57326e+00
1.30000e+00     7.01221e-01     -9.59817e-01     2.28948e+00     1.50607e+01     -3.31414e+00     1.54210e+00
1.40000e+00     2.05116e+00     -1.63835e+00     2.44216e+00     1.13980e+01     -9.92815e+00     1.51157e+00
1.50000e+00     2.89355e+00     -2.85640e+00     2.59182e+00     5.13930e+00     -1.38965e+01     1.48164e+00
1.60000e+00     3.04579e+00     -4.30003e+00     2.73851e+00     -2.10930e+00     -1.43690e+01     1.45230e+00
1.70000e+00     2.49837e+00     -5.61340e+00     2.88230e+00     -8.56668e+00     -1.13692e+01     1.42354e+00
1.80000e+00     1.41029e+00     -6.48594e+00     3.02324e+00     -1.27117e+01     -5.75426e+00     1.39535e+00
1.90000e+00     6.42900e-02     -6.72520e+00     3.16139e+00     -1.36388e+01     1.02359e+00     1.36772e+00
2.00000e+00     -1.20599e+00     -6.29850e+00     3.29680e+00     -1.12513e+01     7.28964e+00     1.34064e+00
2.10000e+00     -2.09819e+00     -5.33452e+00     3.42953e+00     -6.25298e+00     1.15578e+01     1.31409e+00
2.20000e+00     -2.41267e+00     -4.08604e+00     3.55964e+00     5.23397e-02     1.28806e+01     1.28807e+00
2.30000e+00     -2.09652e+00     -2.86429e+00     3.68716e+00     6.09784e+00     1.10554e+01     1.26257e+00
2.40000e+00     -1.25043e+00     -1.96190e+00     3.81217e+00     1.04406e+01     6.64455e+00     1.23757e+00
2.50000e+00     -9.85716e-02     -1.58324e+00     3.93469e+00     1.21035e+01     8.09505e-01     1.21306e+00
2.60000e+00     1.07022e+00     -1.79879e+00     4.05479e+00     1.07920e+01     -4.99132e+00     1.18904e+00
2.70000e+00     1.97433e+00     -2.53344e+00     4.17252e+00     6.93792e+00     -9.36496e+00     1.16550e+00
2.80000e+00     2.40683e+00     -3.59026e+00     4.28791e+00     1.56732e+00     -1.13161e+01     1.14242e+00
2.90000e+00     2.28226e+00     -4.70259e+00     4.40102e+00     -3.96941e+00     -1.04708e+01     1.11980e+00
3.00000e+00     1.65240e+00     -5.60089e+00     4.51188e+00     -8.33495e+00     -7.14180e+00     1.09762e+00
3.10000e+00     6.88451e-01     -6.07764e+00     4.62056e+00     -1.05259e+01     -2.22672e+00     1.07589e+00
3.20000e+00     -3.64779e-01     -6.03477e+00     4.72708e+00     -1.01009e+01     3.03085e+00     1.05458e+00
3.30000e+00     -1.25063e+00     -5.50296e+00     4.83149e+00     -7.26466e+00     7.35376e+00     1.03370e+00
3.40000e+00     -1.76275e+00     -4.62921e+00     4.93383e+00     -2.79349e+00     9.73960e+00     1.01323e+00
3.50000e+00     -1.79269e+00     -3.63694e+00     5.03415e+00     2.17382e+00     9.69084e+00     9.93171e-01
3.60000e+00     -1.35216e+00     -2.76932e+00     5.13248e+00     6.42385e+00     7.31467e+00     9.73505e-01
3.70000e+00     -5.65499e-01     -2.22999e+00     5.22886e+00     8.96317e+00     3.27349e+00     9.54228e-01
3.80000e+00     3.64640e-01     -2.13571e+00     5.32334e+00     9.24851e+00     -1.39606e+00     9.35333e-01
3.90000e+00     1.20906e+00     -2.49171e+00     5.41594e+00     7.29965e+00     -5.54695e+00     9.16812e-01
4.00000e+00     1.76815e+00     -3.19475e+00     5.50671e+00     3.67264e+00     -8.20179e+00     8.98658e-01
4.10000e+00     1.91872e+00     -4.06223e+00     5.59568e+00     -6.94914e-01     -8.78113e+00     8.80863e-01
4.20000e+00     1.64059e+00     -4.87921e+00     5.68289e+00     -4.72418e+00     -7.22709e+00     8.63421e-01
4.30000e+00     1.01742e+00     -5.45129e+00     5.76838e+00     -7.45994e+00     -3.99685e+00     8.46324e-01
4.40000e+00     2.12539e-01     -5.65057e+00     5.85217e+00     -8.29533e+00     6.74166e-02     8.29566e-01
4.50000e+00     -5.73474e-01     -5.44375e+00     5.93430e+00     -7.10407e+00     3.95612e+00     8.13139e-01
4.60000e+00     -1.15243e+00     -4.89649e+00     6.01481e+00     -4.25196e+00     6.74144e+00     7.97038e-01
4.70000e+00     -1.39328e+00     -4.15367e+00     6.09372e+00     -4.89670e-01     7.79714e+00     7.81256e-01
4.80000e+00     -1.25140e+00     -3.40150e+00     6.17107e+00     3.24280e+00     6.93731e+00     7.65786e-01
4.90000e+00     -7.75897e-01     -2.82114e+00     6.24689e+00     6.04946e+00     4.44371e+00     7.50622e-01
5.00000e+00     -9.41429e-02     -2.54536e+00     6.32121e+00     7.29201e+00     9.79787e-01     7.35759e-01
5.10000e+00     6.21904e-01     -2.62850e+00     6.39405e+00     6.73310e+00     -2.58382e+00     7.21190e-01
5.20000e+00     1.19879e+00     -3.03651e+00     6.46545e+00     4.57771e+00     -5.38664e+00     7.06909e-01
5.30000e+00     1.50330e+00     -3.65856e+00     6.53544e+00     1.40653e+00     -6.78481e+00     6.92912e-01
5.40000e+00     1.47294e+00     -4.33676e+00     6.60404e+00     -1.97839e+00     -6.49733e+00     6.79191e-01
5.50000e+00     1.12812e+00     -4.90589e+00     6.67129e+00     -4.75505e+00     -4.65941e+00     6.65742e-01
5.60000e+00     5.64057e-01     -5.23342e+00     6.73720e+00     -6.27989e+00     -1.77360e+00     6.52560e-01
5.70000e+00     -7.50685e-02     -5.25010e+00     6.80181e+00     -6.23549e+00     1.42536e+00     6.39638e-01
5.80000e+00     -6.32692e-01     -4.96412e+00     6.86514e+00     -4.69405e+00     4.15629e+00     6.26972e-01
5.90000e+00     -9.77979e-01     -4.45607e+00     6.92721e+00     -2.08477e+00     5.78111e+00     6.14557e-01
6.00000e+00     -1.03626e+00     -3.85679e+00     6.98806e+00     9.23304e-01     5.95265e+00     6.02388e-01
6.10000e+00     -8.04779e-01     -3.31389e+00     7.04770e+00     3.59150e+00     4.68667e+00     5.90460e-01
6.20000e+00     -3.50539e-01     -2.95566e+00     7.10616e+00     5.29180e+00     2.34383e+00     5.78768e-01
6.30000e+00     2.08543e-01     -2.86096e+00     7.16346e+00     5.65348e+00     -4.70525e-01     5.67308e-01
6.40000e+00     7.33974e-01     -3.04222e+00     7.21963e+00     4.64209e+00     -3.06143e+00     5.56075e-01
6.50000e+00     1.10078e+00     -3.44506e+00     7.27468e+00     2.55457e+00     -4.81488e+00     5.45064e-01
6.60000e+00     1.22701e+00     -3.96395e+00     7.32865e+00     -6.51270e-02     -5.34226e+00     5.34271e-01
6.70000e+00     1.09176e+00     -4.46962e+00     7.38154e+00     -2.56645e+00     -4.56488e+00     5.23691e-01
6.80000e+00     7.37791e-01     -4.84105e+00     7.43339e+00     -4.35281e+00     -2.72075e+00     5.13322e-01
6.90000e+00     2.58760e-01     -4.99422e+00     7.48421e+00     -5.02287e+00     -2.94957e-01     5.03157e-01
7.00000e+00     -2.25287e-01     -4.90088e+00     7.53403e+00     -4.45934e+00     2.10661e+00     4.93194e-01
7.10000e+00     -5.97807e-01     -4.59312e+00     7.58286e+00     -2.84605e+00     3.90766e+00     4.83428e-01
7.20000e+00     -7.73633e-01     -4.15333e+00     7.63072e+00     -6.11928e-01     4.69883e+00     4.73856e-01
7.30000e+00     -7.18214e-01     -3.69239e+00     7.67764e+00     1.68168e+00     4.32955e+00     4.64473e-01
7.40000e+00     -4.53940e-01     -3.32193e+00     7.72362e+00     3.48113e+00     2.93408e+00     4.55275e-01
7.50000e+00     -5.25204e-02     -3.12744e+00     7.76870e+00     4.37329e+00     8.88090e-01     4.46260e-01
7.60000e+00     3.84180e-01     -3.14877e+00     7.81288e+00     4.17929e+00     -1.29114e+00     4.37424e-01
7.70000e+00     7.49810e-01     -3.37234e+00     7.85619e+00     2.98835e+00     -3.07458e+00     4.28762e-01
7.80000e+00     9.59274e-01     -3.73647e+00     7.89864e+00     1.12582e+00     -4.04908e+00     4.20272e-01
7.90000e+00     9.68347e-01     -4.14812e+00     7.94025e+00     -9.34293e-01     -4.01211e+00     4.11950e-01
8.00000e+00     7.82705e-01     -4.50650e+00     7.98103e+00     -2.68905e+00     -3.01223e+00     4.03793e-01
8.10000e+00     4.54606e-01     -4.72755e+00     8.02101e+00     -3.72866e+00     -1.32752e+00     3.95797e-01
8.20000e+00     6.84980e-02     -4.76351e+00     8.06020e+00     -3.83127e+00     6.10213e-01     3.87960e-01
8.30000e+00     -2.80538e-01     -4.61301e+00     8.09861e+00     -3.00895e+00     2.32529e+00     3.80278e-01
8.40000e+00     -5.10061e-01     -4.31953e+00     8.13626e+00     -1.49564e+00     3.41421e+00     3.72748e-01
8.50000e+00     -5.69587e-01     -3.95922e+00     8.17316e+00     3.17827e-01     3.63978e+00     3.65367e-01
8.60000e+00     -4.51474e-01     -3.62130e+00     8.20934e+00     1.98380e+00     2.98163e+00     3.58132e-01
8.70000e+00     -1.91078e-01     -3.38612e+00     8.24480e+00     3.10761e+00     1.63262e+00     3.51041e-01
8.80000e+00     1.43432e-01     -3.30618e+00     8.27955e+00     3.44040e+00     -5.59243e-02     3.44090e-01
8.90000e+00     4.68747e-01     -3.39461e+00     8.31362e+00     2.93320e+00     -1.66481e+00     3.37276e-01
9.00000e+00     7.07033e-01     -3.62355e+00     8.34701e+00     1.74085e+00     -2.81046e+00     3.30598e-01
9.10000e+00     8.04428e-01     -3.93246e+00     8.37974e+00     1.76816e-01     -3.23565e+00     3.24052e-01
9.20000e+00     7.43045e-01     -4.24396e+00     8.41183e+00     -1.36839e+00     -2.86643e+00     3.17635e-01
9.30000e+00     5.43865e-01     -4.48306e+00     8.44327e+00     -2.52409e+00     -1.82271e+00     3.11345e-01
9.40000e+00     2.60167e-01     -4.59515e+00     8.47410e+00     -3.02778e+00     -3.81803e-01     3.05180e-01
9.50000e+00     -3.65456e-02     -4.55825e+00     8.50431e+00     -2.78396e+00     1.09438e+00     2.99137e-01
9.60000e+00     -2.74443e-01     -4.38708e+00     8.53393e+00     -1.88053e+00     2.24963e+00     2.93214e-01
9.70000e+00     -3.98649e-01     -4.12805e+00     8.56296e+00     -5.60511e-01     2.81885e+00     2.87408e-01
9.80000e+00     -3.83767e-01     -3.84686e+00     8.59142e+00     8.42471e-01     2.68821e+00     2.81717e-01
9.90000e+00     -2.38829e-01     -3.61196e+00     8.61931e+00     1.98794e+00     1.91654e+00     2.76138e-01
1.00000e+01     -3.77164e-03     -3.47802e+00     8.64665e+00     2.61067e+00     7.14462e-01     2.70671e-01
1.01000e+01     2.61372e-01     -3.47325e+00     8.67345e+00     2.58147e+00     -6.12212e-01     2.65311e-01
1.02000e+01     4.91692e-01     -3.59375e+00     8.69971e+00     1.93292e+00     -1.73971e+00     2.60057e-01
1.03000e+01     6.33193e-01     -3.80563e+00     8.72546e+00     8.45205e-01     -2.40484e+00     2.54908e-01
1.04000e+01     6.55346e-01     -4.05439e+00     8.75070e+00     -4.03021e-01     -2.46585e+00     2.49860e-01
1.05000e+01     5.57505e-01     -4.27879e+00     8.77544e+00     -1.50543e+00     -1.93177e+00     2.44913e-01
1.06000e+01     3.67894e-01     -4.42584e+00     8.79968e+00     -2.20276e+00     -9.54303e-01     2.40063e-01
1.07000e+01     1.35686e-01     -4.46323e+00     8.82345e+00     -2.34329e+00     2.14215e-01     2.35310e-01
1.08000e+01     -8.16339e-02     -4.38628e+00     8.84675e+00     -1.91507e+00     1.28542e+00     2.30650e-01
1.09000e+01     -2.32414e-01     -4.21796e+00     8.86958e+00     -1.04332e+00     2.00566e+00     2.26083e-01
1.10000e+01     -2.83022e-01     -4.00232e+00     8.89197e+00     4.50203e-02     2.21557e+00     2.21606e-01
1.11000e+01     -2.25220e-01     -3.79304e+00     8.91391e+00     1.07986e+00     1.88471e+00     2.17218e-01
1.12000e+01     -7.71535e-02     -3.64017e+00     8.93541e+00     1.81457e+00     1.11380e+00     2.12917e-01
1.13000e+01     1.22049e-01     -3.57826e+00     8.95650e+00     2.08431e+00     1.05407e-01     2.08701e-01
1.14000e+01     3.22501e-01     -3.61860e+00     8.97716e+00     1.84249e+00     -8.88784e-01     2.04568e-01
1.15000e+01     4.75972e-01     -3.74751e+00     8.99741e+00     1.16727e+00     -1.63036e+00     2.00518e-01
1.16000e+01     5.47416e-01     -3.93051e+00     9.01726e+00     2.37969e-01     -1.95098e+00     1.96547e-01
1.17000e+01     5.22877e-01     -4.12150e+00     9.03672e+00     -7.12097e-01     -1.79008e+00     1.92655e-01
1.18000e+01     4.12016e-01     -4.27427e+00     9.05580e+00     -1.45375e+00     -1.20523e+00     1.88840e-01
1.19000e+01     2.44865e-01     -4.35358e+00     9.07449e+00     -1.81689e+00     -3.53609e-01     1.85101e-01
1.20000e+01     6.38084e-02     -4.34326e+00     9.09282e+00     -1.72908e+00     5.49611e-01     1.81436e-01
1.21000e+01     -8.70894e-02     -4.24930e+00     9.11078e+00     -1.22910e+00     1.28531e+00     1.77843e-01
1.22000e+01     -1.72741e-01     -4.09757e+00     9.12839e+00     -4.53302e-01     1.68322e+00     1.74322e-01
1.23000e+01     -1.75116e-01     -3.92680e+00     9.14565e+00     4.01038e-01     1.66094e+00     1.70870e-01
1.24000e+01     -9.69102e-02     -3.77878e+00     9.16257e+00     1.12548e+00     1.24031e+00     1.67486e-01
1.25000e+01     3.99196e-02     -3.68820e+00     9.17915e+00     1.55100e+00     5.38043e-01     1.64170e-01
1.26000e+01     2.00186e-01     -3.67459e+00     9.19540e+00     1.58702e+00     -2.66010e-01     1.60919e-01
1.27000e+01     3.44447e-01     -3.73819e+00     9.21134e+00     1.24018e+00     -9.74597e-01     1.57733e-01
1.28000e+01     4.38656e-01     -3.86069e+00     9.22695e+00     6.08834e-01     -1.42114e+00     1.54609e-01
1.29000e+01     4.62131e-01     -4.01033e+00     9.24226e+00     -1.44093e-01     -1.50859e+00     1.51548e-01
1.30000e+01     4.12002e-01     -4.15009e+00     9.25726e+00     -8.32863e-01     -1.22999e+00     1.48547e-01
1.31000e+01     3.03206e-01     -4.24676e+00     9.27197e+00     -1.29444e+00     -6.66679e-01     1.45606e-01
1.32000e+01     1.64193e-01     -4.27879e+00     9.28639e+00     -1.42677e+00     3.47925e-02     1.42723e-01
1.33000e+01     2.95613e-02     -4.24101e+00     9.30052e+00     -1.21098e+00     7.00396e-01     1.39896e-01
1.34000e+01     -6.85001e-02     -4.14525e+00     9.31437e+00     -7.12572e-01     1.17155e+00     1.37126e-01
1.35000e+01     -1.07855e-01     -4.01680e+00     9.32794e+00     -6.24306e-02     1.34263e+00     1.34411e-01
1.36000e+01     -8.13453e-02     -3.88781e+00     9.34125e+00     5.77224e-01     1.18429e+00     1.31750e-01
1.37000e+01     2.07384e-03     -3.78931e+00     9.35430e+00     1.05305e+00     7.47492e-01     1.29141e-01
1.38000e+01     1.20120e-01     -3.74377e+00     9.36708e+00     1.25711e+00     1.48153e-01     1.26584e-01
1.39000e+01     2.43062e-01     -3.76008e+00     9.37961e+00     1.15100e+00     -4.63296e-01     1.24077e-01
1.40000e+01     3.41157e-01     -3.83187e+00     9.39190e+00     7.72396e-01     -9.39410e-01     1.21620e-01
1.41000e+01     3.91800e-01     -3.93973e+00     9.40394e+00     2.22979e-01     -1.17106e+00     1.19212e-01
1.42000e+01     3.84680e-01     -4.05631e+00     9.41574e+00     -3.58490e-01     -1.11214e+00     1.16851e-01
1.43000e+01     3.23773e-01     -4.15325e+00     9.42731e+00     -8.30992e-01     -7.88215e-01     1.14538e-01
1.44000e+01     2.25827e-01     -4.20801e+00     9.43865e+00     -1.08523e+00     -2.87535e-01     1.12270e-01
1.45000e+01     1.15838e-01     -4.20910e+00     9.44977e+00     -1.06864e+00     2.62627e-01     1.10046e-01
1.46000e+01     2.07157e-02     -4.15834e+00     9.46066e+00     -7.95848e-01     7.28090e-01     1.07867e-01
1.47000e+01     -3.72599e-02     -4.06998e+00     9.47134e+00     -3.42456e-01     1.00030e+00     1.05731e-01
1.48000e+01     -4.56096e-02     -3.96673e+00     9.48181e+00     1.75472e-01     1.02139e+00     1.03638e-01
1.49000e+01     -4.27224e-03     -3.87399e+00     9.49207e+00     6.30914e-01     7.96159e-01     1.01586e-01
1.50000e+01     7.48678e-02     -3.81364e+00     9.50213e+00     9.16850e-01     3.88388e-01     9.95741e-02
1.51000e+01     1.71306e-01     -3.79891e+00     9.51199e+00     9.71197e-01     -9.67480e-02     9.76024e-02
1.52000e+01     2.61184e-01     -3.83156e+00     9.52165e+00     7.89972e-01     -5.39607e-01     9.56698e-02
1.53000e+01     3.23155e-01     -3.90188e+00     9.53112e+00     4.25973e-01     -8.35399e-01     9.37754e-02
1.54000e+01     3.43418e-01     -3.99149e+00     9.54041e+00     -2.61412e-02     -9.18794e-01     9.19185e-02
1.55000e+01     3.18739e-01     -4.07810e+00     9.54951e+00     -4.54245e-01     -7.78074e-01     9.00984e-02
1.56000e+01     2.56810e-01     -4.14100e+00     9.55843e+00     -7.56378e-01     -4.55851e-01     8.83143e-02
1.57000e+01     1.73979e-01     -4.16601e+00     9.56717e+00     -8.64859e-01     -3.66935e-02     8.65656e-02
1.58000e+01     9.09744e-02     -4.14860e+00     9.57574e+00     -7.61206e-01     3.74849e-01     8.48515e-02
1.59000e+01     2.77540e-02     -4.09462e+00     9.58414e+00     -4.78651e-01     6.80154e-01     8.31713e-02
1.60000e+01     -1.26174e-03     -4.01848e+00     9.59238e+00     -9.21250e-02     8.10004e-01     8.15244e-02
1.61000e+01     9.56022e-03     -3.93934e+00     9.60045e+00     3.01388e-01     7.40067e-01     7.99101e-02
1.62000e+01     5.60566e-02     -3.87635e+00     9.60836e+00     6.07029e-01     4.94987e-01     7.83278e-02
1.63000e+01     1.25653e-01     -3.84402e+00     9.61612e+00     7.54778e-01     1.40541e-01     7.67768e-02
1.64000e+01     2.00714e-01     -3.84891e+00     9.62372e+00     7.15312e-01     -2.33789e-01     7.52565e-02
1.65000e+01     2.62985e-01     -3.88839e+00     9.63117e+00     5.05459e-01     -5.37246e-01     7.37663e-02
1.66000e+01     2.97999e-01     -3.95161e+00     9.63847e+00     1.82341e-01     -6.99670e-01     7.23057e-02
1.67000e+01     2.98408e-01     -4.02245e+00     9.64563e+00     -1.71936e-01     -6.87551e-01     7.08739e-02
1.68000e+01     2.65472e-01     -4.08358e+00     9.65265e+00     -4.70994e-01     -5.10644e-01     6.94705e-02
1.69000e+01     2.08414e-01     -4.12069e+00     9.65953e+00     -6.45116e-01     -2.17934e-01     6.80949e-02
1.70000e+01     1.41895e-01     -4.12579e+00     9.66627e+00     -6.57348e-01     1.15682e-01     6.67465e-02
1.71000e+01     8.22750e-02     -4.09893e+00     9.67288e+00     -5.11098e-01     4.08411e-01     6.54249e-02
1.72000e+01     4.36132e-02     -4.04780e+00     9.67935e+00     -2.47734e-01     5.91495e-01     6.41294e-02
1.73000e+01     3.43810e-02     -3.98565e+00     9.68570e+00     6.48502e-02     6.25226e-01     6.28595e-02
1.74000e+01     5.56436e-02     -3.92786e+00     9.69193e+00     3.49590e-01     5.07353e-01     6.16148e-02
1.75000e+01     1.01095e-01     -3.88813e+00     9.69803e+00     5.39136e-01     2.72153e-01     6.03948e-02
1.76000e+01     1.58861e-01     -3.87531e+00     9.70401e+00     5.91661e-01     -1.92402e-02     5.91989e-02
1.77000e+01     2.14574e-01     -3.89143e+00     9.70987e+00     4.99913e-01     -2.94583e-01     5.80267e-02
1.78000e+01     2.54924e-01     -3.93148e+00     9.71561e+00     2.91602e-01     -4.88322e-01     5.68776e-02
1.79000e+01     2.70814e-01     -3.98489e+00     9.72124e+00     2.13683e-02     -5.57090e-01     5.57514e-02
1.80000e+01     2.59384e-01     -4.03831e+00     9.72676e+00     -2.43405e-01     -4.89258e-01     5.46474e-02
1.81000e+01     2.24452e-01     -4.07888e+00     9.73217e+00     -4.39292e-01     -3.06485e-01     5.35654e-02
1.82000e+01     1.75337e-01     -4.09737e+00     9.73748e+00     -5.21907e-01     -5.72114e-02     5.25047e-02
1.83000e+01     1.24400e-01     -4.09019e+00     9.74267e+00     -4.75836e-01     1.96040e-01     5.14650e-02
1.84000e+01     8.39553e-02     -4.06008e+00     9.74777e+00     -3.17198e-01     3.92240e-01     5.04459e-02
1.85000e+01     6.33137e-02     -4.01517e+00     9.75276e+00     -8.85370e-02     4.86466e-01     4.94471e-02
1.86000e+01     6.66599e-02     -3.96685e+00     9.75766e+00     1.52439e-01     4.60070e-01     4.84679e-02
1.87000e+01     9.22489e-02     -3.92685e+00     9.76246e+00     3.47325e-01     3.24124e-01     4.75082e-02
1.88000e+01     1.33058e-01     -3.90446e+00     9.76716e+00     4.51085e-01     1.15602e-01     4.65675e-02
1.89000e+01     1.78681e-01     -3.90438e+00     9.77177e+00     4.42353e-01     -1.12531e-01     4.56454e-02
1.90000e+01     2.17964e-01     -3.92575e+00     9.77629e+00     3.27637e-01     -3.04670e-01     4.47415e-02
1.91000e+01     2.41713e-01     -3.96260e+00     9.78072e+00     1.38668e-01     -4.16044e-01     4.38556e-02
1.92000e+01     2.44828e-01     -4.00545e+00     9.78506e+00     -7.62227e-02     -4.23049e-01     4.29872e-02
1.93000e+01     2.27370e-01     -4.04378e+00     9.78932e+00     -2.64366e-01     -3.28093e-01     4.21360e-02
1.94000e+01     1.94342e-01     -4.06854e+00     9.79349e+00     -3.81588e-01     -1.58000e-01     4.13017e-02
1.95000e+01     1.54293e-01     -4.07433e+00     9.79758e+00     -4.02494e-01     4.34016e-02     4.04838e-02
1.96000e+01     1.17125e-01     -4.06048e+00     9.80159e+00     -3.25835e-01     2.26474e-01     3.96822e-02
1.97000e+01     9.16580e-02     -4.03111e+00     9.80552e+00     -1.73864e-01     3.47932e-01     3.88964e-02
1.98000e+01     8.35554e-02     -3.99387e+00     9.80937e+00     1.39396e-02     3.80997e-01     3.81262e-02
1.99000e+01     9.40837e-02     -3.95803e+00     9.81314e+00     1.91028e-01     3.21188e-01     3.73713e-02
2.00000e+01     1.19982e-01     -3.93215e+00     9.81684e+00     3.15257e-01     1.86522e-01     3.66313e-02
2.01000e+01     1.54421e-01     -3.92206e+00     9.82047e+00     3.58838e-01     1.23039e-02     3.59059e-02
2.02000e+01     1.88790e-01     -3.92956e+00     9.82403e+00     3.14459e-01     -1.58041e-01     3.51949e-02
2.03000e+01     2.14830e-01     -3.95216e+00     9.82751e+00     1.96236e-01     -2.83719e-01     3.44980e-02
2.04000e+01     2.26608e-01     -3.98384e+00     9.83093e+00     3.54800e-02     -3.36273e-01     3.38149e-02
2.05000e+01     2.21853e-01     -4.01663e+00     9.83427e+00     -1.27500e-01     -3.05939e-01     3.31454e-02
2.06000e+01     2.02355e-01     -4.04259e+00     9.83755e+00     -2.53444e-01     -2.03258e-01     3.24890e-02
2.07000e+01     1.73380e-01     -4.05577e+00     9.84077e+00     -3.13530e-01     -5.57473e-02     3.18457e-02
2.08000e+01     1.42264e-01     -4.05349e+00     9.84392e+00     -2.95899e-01     9.93790e-02     3.12151e-02
2.09000e+01     1.16569e-01     -4.03690e+00     9.84701e+00     -2.07837e-01     2.24536e-01     3.05970e-02
2.10000e+01     1.02260e-01     -4.01056e+00     9.85004e+00     -7.32704e-02     2.90815e-01     2.99912e-02
2.11000e+01     1.02329e-01     -3.98118e+00     9.85301e+00     7.36309e-02     2.84593e-01     2.93973e-02
2.12000e+01     1.16195e-01     -3.95594e+00     9.85592e+00     1.97074e-01     2.10211e-01     2.88152e-02
2.13000e+01     1.39986e-01     -3.94074e+00     9.85878e+00     2.68307e-01     8.82172e-02     2.82446e-02
2.14000e+01     1.67593e-01     -3.93885e+00     9.86157e+00     2.72256e-01     -5.01968e-02     2.76853e-02
2.15000e+01     1.92231e-01     -3.95019e+00     9.86431e+00     2.10610e-01     -1.71118e-01     2.71371e-02
2.16000e+01     2.08094e-01     -3.97152e+00     9.86700e+00     1.00758e-01     -2.46167e-01     2.65998e-02
2.17000e+01     2.11714e-01     -3.99733e+00     9.86963e+00     -2.90052e-02     -2.59104e-01     2.60731e-02
2.18000e+01     2.02700e-01     -4.02123e+00     9.87222e+00     -1.46708e-01     -2.09255e-01     2.55568e-02
2.19000e+01     1.83715e-01     -4.03756e+00     9.87475e+00     -2.24533e-01     -1.11063e-01     2.50507e-02
2.20000e+01     1.59712e-01     -4.04268e+00     9.87723e+00     -2.45337e-01     9.97458e-03     2.45547e-02
2.21000e+01     1.36659e-01     -4.03580e+00     9.87966e+00     -2.06354e-01     1.23868e-01     2.40685e-02
2.22000e+01     1.20058e-01     -4.01906e+00     9.88204e+00     -1.19301e-01     2.03523e-01     2.35919e-02
2.23000e+01     1.13647e-01     -3.99685e+00     9.88438e+00     -6.98502e-03     2.31135e-01     2.31247e-02
2.24000e+01     1.18568e-01     -3.97474e+00     9.88667e+00     1.02606e-01     2.02107e-01     2.26668e-02
2.25000e+01     1.33193e-01     -3.95802e+00     9.88891e+00     1.83237e-01     1.25639e-01     2.22180e-02
2.26000e+01     1.53627e-01     -3.95052e+00     9.89111e+00     2.16663e-01     2.19701e-02     2.17780e-02
2.27000e+01     1.74730e-01     -3.95367e+00     9.89327e+00     1.96700e-01     -8.29146e-02     2.13468e-02
2.28000e+01     1.91403e-01     -3.96630e+00     9.89538e+00     1.30241e-01     -1.63757e-01     2.09241e-02
2.29000e+01     1.99813e-01     -3.98499e+00     9.89745e+00     3.50824e-02     -2.02069e-01     2.05098e-02
2.30000e+01     1.98263e-01     -4.00502e+00     9.89948e+00     -6.47773e-02     -1.90308e-01     2.01037e-02
2.31000e+01     1.87514e-01     -4.02153e+00     9.90147e+00     -1.45151e-01     -1.33265e-01     1.97056e-02
2.32000e+01     1.70512e-01     -4.03068e+00     9.90342e+00     -1.87485e-01     -4.64272e-02     1.93154e-02
2.33000e+01     1.51589e-01     -4.03056e+00     9.90534e+00     -1.83094e-01     4.81652e-02     1.89329e-02
2.34000e+01     1.35368e-01     -4.02156e+00     9.90721e+00     -1.34866e-01     1.27471e-01     1.85580e-02
2.35000e+01     1.25642e-01     -4.00620e+00     9.90905e+00     -5.61123e-02     1.73028e-01     1.81906e-02
2.36000e+01     1.24495e-01     -3.98841e+00     9.91085e+00     3.30407e-02     1.75210e-01     1.78304e-02
2.37000e+01     1.31865e-01     -3.97257e+00     9.91261e+00     1.10756e-01     1.35191e-01     1.74773e-02
2.38000e+01     1.45647e-01     -3.96241e+00     9.91434e+00     1.58803e-01     6.42468e-02     1.71312e-02
2.39000e+01     1.62278e-01     -3.96015e+00     9.91604e+00     1.66795e-01     -1.93583e-02     1.67920e-02
2.40000e+01     1.77647e-01     -3.96602e+00     9.91770e+00     1.34382e-01     -9.50321e-02     1.64595e-02
2.41000e+01     1.88111e-01     -3.97829e+00     9.91933e+00     7.09400e-02     -1.44896e-01     1.61336e-02
2.42000e+01     1.91346e-01     -3.99376e+00     9.92093e+00     -7.06596e-03     -1.57978e-01     1.58141e-02
2.43000e+01     1.86858e-01     -4.00859e+00     9.92250e+00     -8.03148e-02     -1.32574e-01     1.55010e-02
2.44000e+01     1.76030e-01     -4.01924e+00     9.92403e+00     -1.31387e-01     -7.63006e-02     1.51940e-02
2.45000e+01     1.61711e-01     -4.02331e+00     9.92553e+00     -1.48876e-01     -3.89368e-03     1.48932e-02
2.46000e+01     1.47481e-01     -4.02008e+00     9.92701e+00     -1.29894e-01     6.66100e-02     1.45983e-02
2.47000e+01     1.36757e-01     -4.01062e+00     9.92845e+00     -8.04357e-02     1.18338e-01     1.43092e-02
2.48000e+01     1.31979e-01     -3.99744e+00     9.92987e+00     -1.35824e-02     1.39594e-01     1.40259e-02
2.49000e+01     1.34061e-01     -3.98385e+00     9.93126e+00     5.39142e-02     1.26464e-01     1.37481e-02
2.50000e+01     1.42236e-01     -3.97315e+00     9.93262e+00     1.05805e-01     8.34503e-02     1.34759e-02
2.51000e+01     1.54298e-01     -3.96778e+00     9.93395e+00     1.30230e-01     2.20653e-02     1.32091e-02
2.52000e+01     1.67197e-01     -3.96883e+00     9.93526e+00     1.22394e-01     -4.22165e-02     1.29475e-02
2.53000e+01     1.77798e-01     -3.97580e+00     9.93654e+00     8.54468e-02     -9.38304e-02     1.26911e-02
2.54000e+01     1.83644e-01     -3.98677e+00     9.93780e+00     2.94098e-02     -1.20867e-01     1.24398e-02
2.55000e+01     1.83517e-01     -3.99896e+00     9.93903e+00     -3.14989e-02     -1.17792e-01     1.21935e-02
2.56000e+01     1.77680e-01     -4.00938e+00     9.94024e+00     -8.24482e-02     -8.65240e-02     1.19520e-02
2.57000e+01     1.67761e-01     -4.01561e+00     9.94142e+00     -1.11582e-01     -3.56851e-02     1.17154e-02
2.58000e+01     1.56304e-01     -4.01630e+00     9.94258e+00     -1.12754e-01     2.17377e-02     1.14834e-02
2.59000e+01     1.46124e-01     -4.01151e+00     9.94372e+00     -8.67771e-02     7.16840e-02     1.12560e-02
2.60000e+01     1.39616e-01     -4.00261e+00     9.94483e+00     -4.09612e-02     1.02442e-01     1.10331e-02
2.61000e+01     1.38202e-01     -3.99189e+00     9.94593e+00     1.29038e-02     1.07370e-01     1.08147e-02
2.62000e+01     1.42021e-01     -3.98201e+00     9.94700e+00     6.15551e-02     8.62974e-02     1.06005e-02
2.63000e+01     1.49950e-01     -3.97530e+00     9.94805e+00     9.35032e-02     4.53082e-02     1.03906e-02
2.64000e+01     1.59923e-01     -3.97326e+00     9.94908e+00     1.01724e-01     -4.96411e-03     1.01849e-02
2.65000e+01     1.69462e-01     -3.97619e+00     9.95008e+00     8.51714e-02     -5.20720e-02     9.98319e-03
2.66000e+01     1.76291e-01     -3.98319e+00     9.95107e+00     4.87959e-02     -8.48166e-02     9.78551e-03
2.67000e+01     1.78875e-01     -3.99242e+00     9.95204e+00     2.11804e-03     -9.58904e-02     9.59174e-03
2.68000e+01     1.76759e-01     -4.00158e+00     9.95299e+00     -4.32387e-02     -8.34815e-02     9.40181e-03
2.69000e+01     1.70637e-01     -4.00846e+00     9.95392e+00     -7.64239e-02     -5.14932e-02     9.21564e-03
2.70000e+01     1.62137e-01     -4.01150e+00     9.95483e+00     -8.99384e-02     -8.38215e-03     9.03316e-03
2.71000e+01     1.53394e-01     -4.01013e+00     9.95573e+00     -8.13051e-02     3.50533e-02     8.85429e-03
2.72000e+01     1.46521e-01     -4.00483e+00     9.95661e+00     -5.34676e-02     6.83600e-02     8.67897e-03
2.73000e+01     1.43096e-01     -3.99705e+00     9.95746e+00     -1.38699e-02     8.39295e-02     8.50711e-03
2.74000e+01     1.43807e-01     -3.98875e+00     9.95831e+00     2.75090e-02     7.87150e-02     8.33866e-03
2.75000e+01     1.48321e-01     -3.98194e+00     9.95913e+00     6.06532e-02     5.47847e-02     8.17354e-03
2.76000e+01     1.55403e-01     -3.97820e+00     9.95994e+00     7.79189e-02     1.86245e-02     8.01170e-03
2.77000e+01     1.63251e-01     -3.97831e+00     9.96073e+00     7.57788e-02     -2.05945e-02     7.85305e-03
2.78000e+01     1.69949e-01     -3.98210e+00     9.96151e+00     5.55082e-02     -5.33255e-02     7.69755e-03
2.79000e+01     1.73931e-01     -3.98850e+00     9.96227e+00     2.26903e-02     -7.19556e-02     7.54513e-03
2.80000e+01     1.74347e-01     -3.99589e+00     9.96302e+00     -1.42948e-02     -7.25597e-02     7.39573e-03
2.81000e+01     1.71237e-01     -4.00243e+00     9.96375e+00     -4.63937e-02     -5.56994e-02     7.24928e-03
2.82000e+01     1.65486e-01     -4.00660e+00     9.96447e+00     -6.60826e-02     -2.61121e-02     7.10574e-03
2.83000e+01     1.58581e-01     -4.00748e+00     9.96517e+00     -6.91157e-02     8.59140e-03     6.96503e-03
2.84000e+01     1.52226e-01     -4.00499e+00     9.96586e+00     -5.54169e-02     3.98691e-02     6.82712e-03
2.85000e+01     1.47927e-01     -3.99987e+00     9.96654e+00     -2.89351e-02     6.03373e-02     6.69193e-03
2.86000e+01     1.46638e-01     -3.99344e+00     9.96720e+00     3.46324e-03     6.55001e-02     6.55942e-03
2.87000e+01     1.48549e-01     -3.98731e+00     9.96785e+00     3.37588e-02     5.47166e-02     6.42954e-03
2.88000e+01     1.53076e-01     -3.98293e+00     9.96849e+00     5.47521e-02     3.12040e-02     6.30222e-03
2.89000e+01     1.59029e-01     -3.98129e+00     9.96911e+00     6.17618e-02     1.11313e-03     6.17743e-03
2.90000e+01     1.64920e-01     -3.98267e+00     9.96972e+00     5.36514e-02     -2.80654e-02     6.05511e-03
2.91000e+01     1.69336e-01     -3.98663e+00     9.97032e+00     3.29631e-02     -4.93540e-02     5.93521e-03
2.92000e+01     1.71274e-01     -3.99212e+00     9.97091e+00     5.16298e-03     -5.79449e-02     5.81769e-03
2.93000e+01     1.70364e-01     -3.99774e+00     9.97149e+00     -2.27881e-02     -5.22711e-02     5.70249e-03
2.94000e+01     1.66937e-01     -4.00216e+00     9.97205e+00     -4.41658e-02     -3.42558e-02     5.58957e-03
2.95000e+01     1.61916e-01     -4.00434e+00     9.97261e+00     -5.40894e-02     -8.71296e-03     5.47889e-03
2.96000e+01     1.56570e-01     -4.00386e+00     9.97315e+00     -5.06227e-02     1.79226e-02     5.37040e-03
2.97000e+01     1.52196e-01     -4.00094e+00     9.97368e+00     -3.51242e-02     3.92058e-02     5.26406e-03
2.98000e+01     1.49808e-01     -3.99637e+00     9.97420e+00     -1.17908e-02     5.02308e-02     5.15982e-03
2.99000e+01     1.49902e-01     -3.99131e+00     9.97471e+00     1.34618e-02     4.87499e-02     5.05765e-03
3.00000e+01     1.52358e-01     -3.98701e+00     9.97521e+00     3.44884e-02     3.56094e-02     4.95750e-03
3.01000e+01     1.56493e-01     -3.98446e+00     9.97570e+00     4.64009e-02     1.44249e-02     4.85934e-03
3.02000e+01     1.61248e-01     -3.98421e+00     9.97618e+00     4.66931e-02     -9.39614e-03     4.76312e-03
3.03000e+01     1.65454e-01     -3.98623e+00     9.97666e+00     3.57506e-02     -3.00246e-02     4.66880e-03
3.04000e+01     1.68123e-01     -3.98995e+00     9.97712e+00     1.66440e-02     -4.26274e-02     4.57635e-03
3.05000e+01     1.68674e-01     -3.99440e+00     9.97757e+00     -5.71399e-03     -4.44900e-02     4.48574e-03
3.06000e+01     1.67056e-01     -3.99848e+00     9.97802e+00     -2.58219e-02     -3.55858e-02     4.39691e-03
3.07000e+01     1.63745e-01     -4.00124e+00     9.97845e+00     -3.89347e-02     -1.84772e-02     4.30985e-03
3.08000e+01     1.59602e-01     -4.00205e+00     9.97888e+00     -4.21749e-02     2.40184e-03     4.22451e-03
3.09000e+01     1.55655e-01     -4.00080e+00     9.97930e+00     -3.51507e-02     2.18848e-02     4.14086e-03
3.10000e+01     1.52846e-01     -3.99788e+00     9.97971e+00     -1.99530e-02     3.53436e-02     4.05886e-03
3.11000e+01     1.51806e-01     -3.99404e+00     9.98011e+00     -5.55262e-04     3.97793e-02     3.97849e-03
3.12000e+01     1.52714e-01     -3.99025e+00     9.98050e+00     1.82154e-02     3.44796e-02     3.89971e-03
3.13000e+01     1.55277e-01     -3.98741e+00     9.98089e+00     3.18717e-02     2.11001e-02     3.82249e-03
3.14000e+01     1.58813e-01     -3.98618e+00     9.98127e+00     3.73317e-02     3.17347e-03     3.74680e-03
3.15000e+01     1.62434e-01     -3.98678e+00     9.98164e+00     3.36045e-02     -1.48130e-02     3.67261e-03
3.16000e+01     1.65267e-01     -3.98900e+00     9.98200e+00     2.19461e-02     -2.85337e-02     3.59989e-03
3.17000e+01     1.66661e-01     -3.99224e+00     9.98236e+00     5.46985e-03     -3.48579e-02     3.52860e-03
3.18000e+01     1.66338e-01     -3.99568e+00     9.98271e+00     -1.16751e-02     -3.25556e-02     3.45873e-03
3.19000e+01     1.64443e-01     -3.99849e+00     9.98305e+00     -2.53416e-02     -2.25184e-02     3.39025e-03
3.20000e+01     1.61493e-01     -4.00002e+00     9.98338e+00     -3.23810e-02     -7.46216e-03     3.32311e-03
3.21000e+01     1.58238e-01     -3.99994e+00     9.98371e+00     -3.13611e-02     8.79735e-03     3.25731e-03
3.22000e+01     1.55473e-01     -3.99835e+00     9.98404e+00     -2.28432e-02     2.23047e-02     3.19281e-03
3.23000e+01     1.53843e-01     -3.99568e+00     9.98435e+00     -9.16862e-03     2.99213e-02     3.12959e-03
3.24000e+01     1.53695e-01     -3.99262e+00     9.98466e+00     6.17358e-03     3.00472e-02     3.06762e-03
3.25000e+01     1.55007e-01     -3.98991e+00     9.98497e+00     1.94303e-02     2.29459e-02     3.00688e-03
3.26000e+01     1.57407e-01     -3.98820e+00     9.98526e+00     2.74969e-02     1.06077e-02     2.94734e-03
3.27000e+01     1.60274e-01     -3.98786e+00     9.98556e+00     2.86379e-02     -3.79640e-03     2.88898e-03
3.28000e+01     1.62901e-01     -3.98891e+00     9.98584e+00     2.28507e-02     -1.67232e-02     2.83177e-03
3.29000e+01     1.64667e-01     -3.99105e+00     9.98612e+00     1.17979e-02     -2.51235e-02     2.77570e-03
3.30000e+01     1.65180e-01     -3.99372e+00     9.98640e+00     -1.65723e-03     -2.71556e-02     2.72074e-03
3.31000e+01     1.64367e-01     -3.99626e+00     9.98667e+00     -1.41865e-02     -2.25808e-02     2.66686e-03
3.32000e+01     1.62474e-01     -3.99806e+00     9.98693e+00     -2.28145e-02     -1.27578e-02     2.61405e-03
3.33000e+01     1.60000e-01     -3.99872e+00     9.98719e+00     -2.56205e-02     -2.53503e-04     2.56229e-03
3.34000e+01     1.57561e-01     -3.99813e+00     9.98744e+00     -2.21582e-02     1.18215e-02     2.51156e-03
3.35000e+01     1.55743e-01     -3.99647e+00     9.98769e+00     -1.35056e-02     2.05815e-02     2.46182e-03
3.36000e+01     1.54957e-01     -3.99419e+00     9.98793e+00     -1.94611e-03     2.40510e-02     2.41308e-03
3.37000e+01     1.55354e-01     -3.99186e+00     9.98817e+00     9.62794e-03     2.16035e-02     2.36529e-03
3.38000e+01     1.56790e-01     -3.99004e+00     9.98841e+00     1.84340e-02     1.40593e-02     2.31846e-03
3.39000e+01     1.58880e-01     -3.98915e+00     9.98864e+00     2.24638e-02     3.43152e-03     2.27255e-03
3.40000e+01     1.61096e-01     -3.98937e+00     9.98886e+00     2.09362e-02     -7.60432e-03     2.22755e-03
3.41000e+01     1.62900e-01     -3.99060e+00     9.98908e+00     1.44362e-02     -1.63796e-02     2.18344e-03
3.42000e+01     1.63875e-01     -3.99250e+00     9.98930e+00     4.72111e-03     -2.08738e-02     2.14021e-03
3.43000e+01     1.63819e-01     -3.99460e+00     9.98951e+00     -5.74782e-03     -2.01745e-02     2.09783e-03
3.44000e+01     1.62786e-01     -3.99637e+00     9.98972e+00     -1.44247e-02     -1.46533e-02     2.05629e-03
3.45000e+01     1.61062e-01     -3.99742e+00     9.98992e+00     -1.92942e-02     -5.82655e-03     2.01557e-03
3.46000e+01     1.59089e-01     -3.99750e+00     9.99012e+00     -1.93351e-02     4.05460e-03     1.97566e-03
3.47000e+01     1.57351e-01     -3.99665e+00     9.99032e+00     -1.47270e-02     1.25737e-02     1.93654e-03
3.48000e+01     1.56257e-01     -3.99510e+00     9.99051e+00     -6.75970e-03     1.77365e-02     1.89819e-03
3.49000e+01     1.56043e-01     -3.99325e+00     9.99070e+00     2.51994e-03     1.84337e-02     1.86061e-03
3.50000e+01     1.56728e-01     -3.99156e+00     9.99088e+00     1.08300e-02     1.46728e-02     1.82376e-03
3.51000e+01     1.58111e-01     -3.99043e+00     9.99106e+00     1.62111e-02     7.53247e-03     1.78765e-03
3.52000e+01     1.59832e-01     -3.99011e+00     9.99124e+00     1.74847e-02     -1.13837e-03     1.75225e-03
3.53000e+01     1.61465e-01     -3.99064e+00     9.99141e+00     1.45056e-02     -9.19559e-03     1.71756e-03
3.54000e+01     1.62620e-01     -3.99186e+00     9.99158e+00     8.15671e-03     -1.47266e-02     1.68355e-03
3.55000e+01     1.63039e-01     -3.99346e+00     9.99175e+00     9.62148e-05     -1.65010e-02     1.65021e-03
3.56000e+01     1.62649e-01     -3.99503e+00     9.99191e+00     -7.67135e-03     -1.42396e-02     1.61753e-03
3.57000e+01     1.61577e-01     -3.99620e+00     9.99207e+00     -1.32904e-02     -8.64417e-03     1.58550e-03
3.58000e+01     1.60106e-01     -3.99669e+00     9.99223e+00     -1.54947e-02     -1.19041e-03     1.55411e-03
3.59000e+01     1.58606e-01     -3.99643e+00     9.99238e+00     -1.38881e-02     6.25721e-03     1.52334e-03
3.60000e+01     1.57438e-01     -3.99550e+00     9.99253e+00     -9.00634e-03     1.19088e-02     1.49317e-03
3.61000e+01     1.56871e-01     -3.99416e+00     9.99268e+00     -2.15121e-03     1.44763e-02     1.46360e-03
3.62000e+01     1.57016e-01     -3.99273e+00     9.99283e+00     4.95220e-03     1.34636e-02     1.43462e-03
3.63000e+01     1.57812e-01     -3.99157e+00     9.99297e+00     1.05867e-02     9.25446e-03     1.40622e-03
3.64000e+01     1.59041e-01     -3.99095e+00     9.99311e+00     1.34557e-02     2.98590e-03     1.37837e-03
3.65000e+01     1.60390e-01     -3.99099e+00     9.99324e+00     1.29779e-02     -3.75456e-03     1.35108e-03
3.66000e+01     1.61532e-01     -3.99166e+00     9.99338e+00     9.39941e-03     -9.32827e-03     1.32432e-03
3.67000e+01     1.62199e-01     -3.99277e+00     9.99351e+00     3.70198e-03     -1.24412e-02     1.29810e-03
3.68000e+01     1.62250e-01     -3.99404e+00     9.99364e+00     -2.66188e-03     -1.24417e-02     1.27240e-03
3.69000e+01     1.61697e-01     -3.99516e+00     9.99376e+00     -8.13639e-03     -9.45169e-03     1.24720e-03
3.70000e+01     1.60696e-01     -3.99586e+00     9.99389e+00     -1.14405e-02     -4.30703e-03     1.22251e-03
3.71000e+01     1.59505e-01     -3.99599e+00     9.99401e+00     -1.18653e-02     1.67116e-03     1.19830e-03
3.72000e+01     1.58419e-01     -3.99555e+00     9.99413e+00     -9.42134e-03     7.01325e-03     1.17457e-03
3.73000e+01     1.57694e-01     -3.99465e+00     9.99424e+00     -4.80870e-03     1.04601e-02     1.15131e-03
3.74000e+01     1.57490e-01     -3.99354e+00     9.99436e+00     7.78899e-04     1.12576e-02     1.12851e-03
3.75000e+01     1.57836e-01     -3.99249e+00     9.99447e+00     5.96019e-03     9.31795e-03     1.10617e-03
3.76000e+01     1.58627e-01     -3.99175e+00     9.99458e+00     9.50571e-03     5.21462e-03     1.08427e-03
3.77000e+01     1.59656e-01     -3.99149e+00     9.99469e+00     1.06274e-02     1.87823e-05     1.06280e-03
3.78000e+01     1.60665e-01     -3.99174e+00     9.99479e+00     9.15063e-03     -4.97784e-03     1.04175e-03
3.79000e+01     1.61414e-01     -3.99244e+00     9.99489e+00     5.53231e-03     -8.58205e-03     1.02112e-03
3.80000e+01     1.61732e-01     -3.99339e+00     9.99500e+00     7.26109e-04     -9.98212e-03     1.00090e-03
3.81000e+01     1.61560e-01     -3.99435e+00     9.99509e+00     -4.06617e-03     -8.92796e-03     9.81084e-04
3.82000e+01     1.60958e-01     -3.99510e+00     9.99519e+00     -7.69318e-03     -5.76918e-03     9.61657e-04
3.83000e+01     1.60088e-01     -3.99546e+00     9.99529e+00     -9.32882e-03     -1.34756e-03     9.42615e-04
3.84000e+01     1.59170e-01     -3.99536e+00     9.99538e+00     -8.65801e-03     3.22459e-03     9.23950e-04
3.85000e+01     1.58426e-01     -3.99485e+00     9.99547e+00     -5.93244e-03     6.84239e-03     9.05654e-04
3.86000e+01     1.58028e-01     -3.99406e+00     9.99556e+00     -1.88780e-03     8.67367e-03     8.87721e-04
3.87000e+01     1.58058e-01     -3.99319e+00     9.99565e+00     2.45201e-03     8.34832e-03     8.70143e-04
3.88000e+01     1.58492e-01     -3.99245e+00     9.99574e+00     6.03227e-03     6.02908e-03     8.52913e-04
3.89000e+01     1.59211e-01     -3.99203e+00     9.99582e+00     8.02222e-03     2.35162e-03     8.36024e-04
3.90000e+01     1.60029e-01     -3.99200e+00     9.99590e+00     8.00588e-03     -1.74689e-03     8.19470e-04
3.91000e+01     1.60747e-01     -3.99236e+00     9.99598e+00     6.06587e-03     -5.26480e-03     8.03243e-04
3.92000e+01     1.61196e-01     -3.99300e+00     9.99606e+00     2.74391e-03     -7.37931e-03     7.87338e-04
3.93000e+01     1.61278e-01     -3.99377e+00     9.99614e+00     -1.10732e-03     -7.63719e-03     7.71748e-04
3.94000e+01     1.60989e-01     -3.99447e+00     9.99622e+00     -4.54139e-03     -6.04926e-03     7.56466e-04
3.95000e+01     1.60411e-01     -3.99493e+00     9.99629e+00     -6.74922e-03     -3.06957e-03     7.41487e-04
3.96000e+01     1.59696e-01     -3.99506e+00     9.99637e+00     -7.24821e-03     5.31095e-04     7.26805e-04
3.97000e+01     1.59021e-01     -3.99484e+00     9.99644e+00     -5.98543e-03     3.86292e-03     7.12413e-04
3.98000e+01     1.58546e-01     -3.99432e+00     9.99651e+00     -3.33349e-03     6.13560e-03     6.98306e-04
3.99000e+01     1.58378e-01     -3.99366e+00     9.99658e+00     1.57153e-05     6.84439e-03     6.84479e-04
4.00000e+01     1.58544e-01     -3.99301e+00     9.99665e+00     3.22982e-03     5.88025e-03     6.70925e-04
4.01000e+01     1.58993e-01     -3.99253e+00     9.99671e+00     5.54157e-03     3.54051e-03     6.57640e-04
4.02000e+01     1.59605e-01     -3.99233e+00     9.99678e+00     6.43068e-03     4.41512e-04     6.44618e-04
4.03000e+01     1.60226e-01     -3.99244e+00     9.99684e+00     5.73923e-03     -2.64210e-03     6.31854e-04
4.04000e+01     1.60707e-01     -3.99283e+00     9.99690e+00     3.69539e-03     -4.96973e-03     6.19342e-04
4.05000e+01     1.60938e-01     -3.99339e+00     9.99696e+00     8.43453e-04     -6.01156e-03     6.07078e-04
4.06000e+01     1.60873e-01     -3.99398e+00     9.99702e+00     -2.09939e-03     -5.56757e-03     5.95057e-04
4.07000e+01     1.60539e-01     -3.99446e+00     9.99708e+00     -4.42222e-03     -3.80276e-03     5.83274e-04
4.08000e+01     1.60027e-01     -3.99472e+00     9.99714e+00     -5.59104e-03     -1.19310e-03     5.71725e-04
4.09000e+01     1.59468e-01     -3.99470e+00     9.99720e+00     -5.37014e-03     1.60101e-03     5.60404e-04
4.10000e+01     1.58996e-01     -3.99441e+00     9.99725e+00     -3.86712e-03     3.90074e-03     5.49307e-04
4.11000e+01     1.58723e-01     -3.99395e+00     9.99731e+00     -1.49352e-03     5.17269e-03     5.38430e-04
4.12000e+01     1.58707e-01     -3.99342e+00     9.99736e+00     1.14600e-03     5.15145e-03     5.27768e-04
4.13000e+01     1.58940e-01     -3.99296e+00     9.99741e+00     3.40656e-03     3.89282e-03     5.17318e-04
4.14000e+01     1.59357e-01     -3.99267e+00     9.99746e+00     4.75967e-03     1.74785e-03     5.07074e-04
4.15000e+01     1.59852e-01     -3.99262e+00     9.99751e+00     4.91568e-03     -7.33135e-04     4.97034e-04
4.16000e+01     1.60301e-01     -3.99281e+00     9.99756e+00     3.88402e-03     -2.94062e-03     4.87192e-04
4.17000e+01     1.60598e-01     -3.99318e+00     9.99761e+00     1.95923e-03     -4.35473e-03     4.77545e-04
4.18000e+01     1.60679e-01     -3.99365e+00     9.99766e+00     -3.61009e-04     -4.66667e-03     4.68089e-04
4.19000e+01     1.60532e-01     -3.99408e+00     9.99771e+00     -2.50350e-03     -3.84469e-03     4.58820e-04
4.20000e+01     1.60202e-01     -3.99438e+00     9.99775e+00     -3.96023e-03     -2.13081e-03     4.49735e-04
4.21000e+01     1.59774e-01     -3.99449e+00     9.99780e+00     -4.40794e-03     2.80328e-05     4.40829e-04
4.22000e+01     1.59356e-01     -3.99438e+00     9.99784e+00     -3.77860e-03     2.09549e-03     4.32100e-04
4.23000e+01     1.59048e-01     -3.99409e+00     9.99788e+00     -2.26569e-03     3.57820e-03     4.23544e-04
4.24000e+01     1.58919e-01     -3.99370e+00     9.99792e+00     -2.67518e-04     4.14270e-03     4.15157e-04
4.25000e+01     1.58994e-01     -3.99330e+00     9.99797e+00     1.71661e-03     3.68931e-03     4.06937e-04
4.26000e+01     1.59246e-01     -3.99299e+00     9.99801e+00     3.21032e-03     2.36693e-03     3.98879e-04
4.27000e+01     1.59608e-01     -3.99284e+00     9.99805e+00     3.87382e-03     5.27476e-04     3.90981e-04
4.28000e+01     1.59989e-01     -3.99288e+00     9.99808e+00     3.58018e-03     -1.36664e-03     3.83239e-04
4.29000e+01     1.60296e-01     -3.99310e+00     9.99812e+00     2.43751e-03     -2.85799e-03     3.75650e-04
4.30000e+01     1.60458e-01     -3.99343e+00     9.99816e+00     7.53758e-04     -3.60391e-03     3.68212e-04
4.31000e+01     1.60443e-01     -3.99379e+00     9.99820e+00     -1.04515e-03     -3.45434e-03     3.60921e-04
4.32000e+01     1.60260e-01     -3.99409e+00     9.99823e+00     -2.52231e-03     -2.48033e-03     3.53774e-04
4.33000e+01     1.59960e-01     -3.99427e+00     9.99827e+00     -3.33527e-03     -9.48333e-04     3.46769e-04
4.34000e+01     1.59621e-01     -3.99428e+00     9.99830e+00     -3.31468e-03     7.51537e-04     3.39902e-04
4.35000e+01     1.59324e-01     -3.99413e+00     9.99833e+00     -2.49817e-03     2.20411e-03     3.33172e-04
4.36000e+01     1.59140e-01     -3.99386e+00     9.99837e+00     -1.11321e-03     3.06994e-03     3.26574e-04
4.37000e+01     1.59109e-01     -3.99354e+00     9.99840e+00     4.85025e-04     3.16392e-03     3.20108e-04
4.38000e+01     1.59231e-01     -3.99325e+00     9.99843e+00     1.90401e-03     2.49372e-03     3.13769e-04
4.39000e+01     1.59472e-01     -3.99306e+00     9.99846e+00     2.80970e-03     1.25041e-03     3.07556e-04
4.40000e+01     1.59769e-01     -3.99301e+00     9.99849e+00     3.00453e-03     -2.44713e-04     3.01466e-04
4.41000e+01     1.60049e-01     -3.99310e+00     9.99852e+00     2.46954e-03     -1.62239e-03     2.95497e-04
4.42000e+01     1.60244e-01     -3.99332e+00     9.99855e+00     1.36194e-03     -2.55608e-03     2.89645e-04
4.43000e+01     1.60311e-01     -3.99359e+00     9.99858e+00     -2.95895e-05     -2.83877e-03     2.83910e-04
4.44000e+01     1.60240e-01     -3.99386e+00     9.99861e+00     -1.35944e-03     -2.42804e-03     2.78288e-04
4.45000e+01     1.60052e-01     -3.99406e+00     9.99864e+00     -2.31039e-03     -1.44981e-03     2.72778e-04
4.46000e+01     1.59798e-01     -3.99414e+00     9.99866e+00     -2.66872e-03     -1.61448e-04     2.67376e-04
4.47000e+01     1.59541e-01     -3.99409e+00     9.99869e+00     -2.37153e-03     1.11520e-03     2.62082e-04
4.48000e+01     1.59342e-01     -3.99393e+00     9.99872e+00     -1.51597e-03     2.07374e-03     2.56893e-04
4.49000e+01     1.59249e-01     -3.99370e+00     9.99874e+00     -3.29572e-04     2.49624e-03     2.51806e-04
4.50000e+01     1.59278e-01     -3.99345e+00     9.99877e+00     8.89524e-04     2.30217e-03     2.46820e-04
4.51000e+01     1.59418e-01     -3.99325e+00     9.99879e+00     1.84701e-03     1.56235e-03     2.41932e-04
4.52000e+01     1.59631e-01     -3.99315e+00     9.99881e+00     2.32300e-03     4.76010e-04     2.37142e-04
4.53000e+01     1.59863e-01     -3.99316e+00     9.99884e+00     2.22196e-03     -6.82148e-04     2.32446e-04
4.54000e+01     1.60057e-01     -3.99328e+00     9.99886e+00     1.59080e-03     -1.63093e-03     2.27843e-04
4.55000e+01     1.60169e-01     -3.99347e+00     9.99888e+00     6.02026e-04     -2.15050e-03     2.23332e-04
4.56000e+01     1.60174e-01     -3.99369e+00     9.99891e+00     -4.92686e-04     -2.13279e-03     2.18909e-04
4.57000e+01     1.60076e-01     -3.99388e+00     9.99893e+00     -1.42605e-03     -1.60313e-03     2.14575e-04
4.58000e+01     1.59902e-01     -3.99400e+00     9.99895e+00     -1.98005e-03     -7.08905e-04     2.10326e-04
4.59000e+01     1.59697e-01     -3.99402e+00     9.99897e+00     -2.03639e-03     3.20650e-04     2.06161e-04
4.60000e+01     1.59511e-01     -3.99394e+00     9.99899e+00     -1.60105e-03     1.23276e-03     2.02079e-04
4.61000e+01     1.59389e-01     -3.99378e+00     9.99901e+00     -7.97945e-04     1.81280e-03     1.98077e-04
4.62000e+01     1.59357e-01     -3.99359e+00     9.99903e+00     1.65465e-04     1.93436e-03     1.94155e-04
4.63000e+01     1.59419e-01     -3.99341e+00     9.99905e+00     1.05133e-03     1.58621e-03     1.90311e-04
4.64000e+01     1.59557e-01     -3.99329e+00     9.99907e+00     1.64975e-03     8.70439e-04     1.86542e-04
4.65000e+01     1.59735e-01     -3.99324e+00     9.99909e+00     1.82817e-03     -2.64855e-05     1.82848e-04
4.66000e+01     1.59908e-01     -3.99329e+00     9.99910e+00     1.56017e-03     -8.81875e-04     1.79228e-04
4.67000e+01     1.60035e-01     -3.99341e+00     9.99912e+00     9.27672e-04     -1.49175e-03     1.75679e-04
4.68000e+01     1.60087e-01     -3.99358e+00     9.99914e+00     9.69932e-05     -1.71916e-03     1.72200e-04
4.69000e+01     1.60055e-01     -3.99374e+00     9.99916e+00     -7.24427e-04     -1.52442e-03     1.68790e-04
4.70000e+01     1.59949e-01     -3.99387e+00     9.99917e+00     -1.33951e-03     -9.70903e-04     1.65448e-04
4.71000e+01     1.59798e-01     -3.99393e+00     9.99919e+00     -1.60851e-03     -2.05722e-04     1.62172e-04
4.72000e+01     1.59641e-01     -3.99391e+00     9.99921e+00     -1.48033e-03     5.78904e-04     1.58961e-04
4.73000e+01     1.59514e-01     -3.99382e+00     9.99922e+00     -1.00137e-03     1.19362e-03     1.55813e-04
4.74000e+01     1.59448e-01     -3.99368e+00     9.99924e+00     -3.00485e-04     1.49732e-03     1.52728e-04
4.75000e+01     1.59455e-01     -3.99353e+00     9.99925e+00     4.45138e-04     1.42922e-03     1.49704e-04
4.76000e+01     1.59532e-01     -3.99341e+00     9.99927e+00     1.05453e-03     1.02026e-03     1.46739e-04
4.77000e+01     1.59657e-01     -3.99334e+00     9.99928e+00     1.38656e-03     3.82094e-04     1.43834e-04
4.78000e+01     1.59798e-01     -3.99333e+00     9.99930e+00     1.37229e-03     -3.22886e-04     1.40986e-04
4.79000e+01     1.59920e-01     -3.99340e+00     9.99931e+00     1.02873e-03     -9.22613e-04     1.38194e-04
4.80000e+01     1.59996e-01     -3.99351e+00     9.99932e+00     4.51374e-04     -1.27706e-03     1.35457e-04
4.81000e+01     1.60008e-01     -3.99364e+00     9.99934e+00     -2.11837e-04     -1.31065e-03     1.32775e-04
4.82000e+01     1.59956e-01     -3.99376e+00     9.99935e+00     -7.98125e-04     -1.02790e-03     1.30146e-04
4.83000e+01     1.59855e-01     -3.99384e+00     9.99936e+00     -1.16958e-03     -5.09156e-04     1.27569e-04
4.84000e+01     1.59732e-01     -3.99386e+00     9.99937e+00     -1.24535e-03     1.11627e-04     1.25043e-04
4.85000e+01     1.59617e-01     -3.99382e+00     9.99939e+00     -1.01881e-03     6.81236e-04     1.22567e-04
4.86000e+01     1.59536e-01     -3.99373e+00     9.99940e+00     -5.56271e-04     1.06477e-03     1.20140e-04
4.87000e+01     1.59509e-01     -3.99362e+00     9.99941e+00     2.18417e-05     1.17733e-03     1.17761e-04
4.88000e+01     1.59540e-01     -3.99350e+00     9.99942e+00     5.72036e-04     1.00249e-03     1.15429e-04
4.89000e+01     1.59618e-01     -3.99342e+00     9.99943e+00     9.63160e-04     5.93544e-04     1.13144e-04
4.90000e+01     1.59724e-01     -3.99339e+00     9.99945e+00     1.10744e-03     5.79674e-05     1.10903e-04
4.91000e+01     1.59831e-01     -3.99341e+00     9.99946e+00     9.79874e-04     -4.70542e-04     1.08707e-04
4.92000e+01     1.59912e-01     -3.99348e+00     9.99947e+00     6.21784e-04     -8.65226e-04     1.06555e-04
4.93000e+01     1.59950e-01     -3.99358e+00     9.99948e+00     1.28281e-04     -1.03647e-03     1.04445e-04
4.94000e+01     1.59937e-01     -3.99368e+00     9.99949e+00     -3.76705e-04     -9.51864e-04     1.02377e-04
4.95000e+01     1.59879e-01     -3.99376e+00     9.99950e+00     -7.71345e-04     -6.41785e-04     1.00349e-04
4.96000e+01     1.59790e-01     -3.99380e+00     9.99951e+00     -9.65107e-04     -1.89603e-04     9.83623e-05
4.97000e+01     1.59694e-01     -3.99380e+00     9.99952e+00     -9.19295e-04     2.90422e-04     9.64146e-05
4.98000e+01     1.59613e-01     -3.99375e+00     9.99953e+00     -6.54315e-04     6.81818e-04     9.45055e-05
4.99000e+01     1.59568e-01     -3.99367e+00     9.99954e+00     -2.42451e-04     8.93983e-04     9.26341e-05
5.00000e+01     1.59566e-01     -3.99358e+00     9.99955e+00     2.11539e-04     8.82948e-04     9.07999e-05
