0.00000000000000e+00     0.00000000000000e+00     0.00000000000000e+00     0.00000000000000e+00     2.00000000000000e+01     0.00000000000000e+00     2.00000000000000e+00
1.00000000000002e-01     1.89905777305883e+00     -4.83216637549299e-01     1.98013266932447e-01     1.72041052576417e+01     -9.39864553778432e+00     1.96039734661351e+00
1.99999999999994e-01     3.30555816924688e+00     -1.79131067551910e+00     3.92105608476766e-01     1.03823349885550e+01     -1.61695287111306e+01     1.92157887830464e+00
2.99999999999983e-01     3.90072160264521e+00     -3.57749998495163e+00     5.82354664157514e-01     1.33235575471268e+00     -1.87881080162357e+01     1.88352906716849e+00
3.99999999999972e-01     3.57329631119262e+00     -5.39367593680729e+00     7.68836536133647e-01     -7.68303894627511e+00     -1.67877463686017e+01     1.84623269277327e+00
4.99999999999961e-01     2.43816365199742e+00     -6.80209233619000e+00     9.51625819640414e-01     -1.44980944113496e+01     -1.08303997927492e+01     1.80967483607191e+00
5.99999999999950e-01     7.99856239118366e-01     -7.48018406016155e+00     1.13079563282844e+00     -1.75608915486314e+01     -2.50324438355967e+00     1.77384087343430e+00
6.99999999999939e-01     -9.28081607444614e-01     -7.29358859705991e+00     1.30641764601195e+00     -1.62823266638107e+01     6.09912575663491e+00     1.73871647079760e+00
7.99999999999928e-01     -2.32677560615869e+00     -6.32106443111159e+00     1.47856211033790e+00     -1.11399670343261e+01     1.28980909170156e+01     1.70428757793240e+00
8.99999999999917e-01     -3.07291904938024e+00     -4.82720256979578e+00     1.64729788588729e+00     -3.52142903910302e+00     1.63300357608602e+01     1.67054042282252e+00
9.99999999999906e-01     -3.01274166025829e+00     -3.19153784751405e+00     1.81269246922019e+00     4.64485909448114e+00     1.57020158707941e+01     1.63746150615594e+00
1.09999999999990e+00     -2.19232510625989e+00     -1.81280974258407e+00     1.97481202037521e+00     1.13744163083313e+01     1.13241874798161e+01     1.60503759592494e+00
1.19999999999988e+00     -8.38689631193967e-01     -1.01236078985793e+00     2.13372138933448e+00     1.51059339769487e+01     4.39592031394129e+00     1.57325572213310e+00
1.29999999999987e+00     7.01871527369802e-01     -9.59927388930196e-01     2.28948414196434e+00     1.50599887498745e+01     -3.31737215906309e+00     1.54210317160711e+00
1.39999999999986e+00     2.05171049124109e+00     -1.63878331443231e+00     2.44216258544274e+00     1.13957413295897e+01     -9.93079579331910e+00     1.51156748291143e+00
1.49999999999985e+00     2.89383276125552e+00     -2.85707165201375e+00     2.59181779318279e+00     5.13587518767964e+00     -1.38977494758750e+01     1.48163644136342e+00
1.59999999999984e+00     3.04571775752494e+00     -4.30079012747619e+00     2.73850962926308e+00     -2.11309418888632e+00     -1.43684307621296e+01     1.45229807414737e+00
1.69999999999983e+00     2.49792012030762e+00     -5.61406002031125e+00     2.88229677237390e+00     -8.56988412561821e+00     -1.13667885974762e+01     1.42354064552522e+00
1.79999999999982e+00     1.40955379886888e+00     -6.48631390278053e+00     3.02323673928969e+00     -1.27134802736768e+01     -5.75050621378853e+00     1.39535265214205e+00
1.89999999999981e+00     6.34351082094083e-02     -6.72517281952665e+00     3.16138590787646e+00     -1.36385511192756e+01     1.02785902285808e+00     1.36772281842470e+00
1.99999999999980e+00     -1.20675078856161e+00     -6.29805589553321e+00     3.29679953964363e+00     -1.12489293199545e+01     7.29336512191452e+00     1.34064009207127e+00
2.10000000000001e+00     -2.09865535321252e+00     -5.33374631910584e+00     3.42953180184944e+00     -6.24900052488773e+00     1.15600260298835e+01     1.31409363963011e+00
2.20000000000022e+00     -2.41271615883723e+00     -4.08510740358118e+00     3.55963578916861e+00     5.70062138604520e-02     1.28806022749021e+01     1.28807284216627e+00
2.30000000000043e+00     -2.09609718811560e+00     -2.86343432753862e+00     3.68716354493077e+00     6.10204779992891e+00     1.10531728060856e+01     1.26256729101383e+00
2.40000000000064e+00     -1.24963627293363e+00     -1.96133419182300e+00     3.81216608193862e+00     1.04432562954707e+01     6.64044820303253e+00     1.23756678361226e+00
2.50000000000085e+00     -9.75801681111858e-02     -1.58312221260297e+00     3.93469340287368e+00     1.21039049706063e+01     8.04525283076284e-01     1.21306131942525e+00
2.60000000000106e+00     1.07115857293417e+00     -1.79917062603618e+00     4.05479452029809e+00     1.07899151552312e+01     -4.99595873946382e+00     1.18904109594037e+00
2.70000000000127e+00     1.97498566607259e+00     -2.53424466597684e+00     4.17251747626013e+00     6.93377953690025e+00     -9.36807939716783e+00     1.16549650474796e+00
2.80000000000148e+00     2.40702747105421e+00     -3.59129674753449e+00     4.28790936151186e+00     1.56211076811565e+00     -1.13168780057644e+01     1.14241812769761e+00
2.90000000000170e+00     2.28192921400760e+00     -4.70360890035719e+00     4.40101633434596e+00     -3.97443034458851e+00     -1.04689242899669e+01     1.11979673313079e+00
3.00000000000191e+00     1.65160765233121e+00     -5.60163795941417e+00     4.51188363905969e+00     -8.33851132753827e+00     -7.13771066977360e+00     1.09762327218804e+00
3.10000000000212e+00     6.87388887233791e-01     -6.07791883558510e+00     4.62055562405321e+00     -1.05270719553735e+01     -2.22136066905232e+00     1.07588887518935e+00
3.20000000000233e+00     -3.65856925650484e-01     -6.03450063217588e+00     4.72707575956945e+00     -1.00993317757506e+01     3.03618475468722e+00     1.05458484808609e+00
3.30000000000254e+00     -1.25146090181554e+00     -5.50219786212565e+00     4.83148665508293e+00     -7.26069713026652e+00     7.35774408150240e+00     1.03370266898339e+00
3.40000000000275e+00     -1.76311585021788e+00     -4.62813432494038e+00     4.93383007634403e+00     -2.78804845465954e+00     9.74120611607700e+00     1.01323398473116e+00
3.50000000000296e+00     -1.79249346143790e+00     -3.63581709527591e+00     5.03414696208583e+00     2.17941321590683e+00     9.68963072624423e+00     9.93170607582798e-01
3.60000000000317e+00     -1.35144234208764e+00     -2.76841510413975e+00     5.13247744040024e+00     6.42821294771748e+00     7.31089473126570e+00     9.73504511919921e-01
3.70000000000338e+00     -5.64427655349672e-01     -2.22953550307085e+00     5.22886084478955e+00     8.96520801571439e+00     3.26804537736210e+00     9.54227831042046e-01
3.80000000000359e+00     3.65803438047290e-01     -2.13583203785559e+00     5.32333572990080e+00     9.24767912311126e+00     -1.40185078266577e+00     9.35332854019799e-01
3.90000000000381e+00     1.21002740304493e+00     -2.49237343968032e+00     5.41593988694767e+00     7.29612732098807e+00     -5.55166232728901e+00     9.16812022610432e-01
4.00000000000402e+00     1.76868298802231e+00     -3.19580032004110e+00     5.50671035882772e+00     3.66726180218869e+00     -8.20425487610380e+00     8.98657928234430e-01
4.10000000000378e+00     1.91867846684531e+00     -4.06342211562544e+00     5.59568345493993e+00     -7.00846271497778e-01     -8.78070791110192e+00     8.80863309011982e-01
4.20000000000355e+00     1.63998188125969e+00     -4.88024266726471e+00     5.68289476570912e+00     -4.72920971257697e+00     -7.22386087284601e+00     8.63421046858147e-01
4.30000000000332e+00     1.01639526994992e+00     -5.45190748358956e+00     5.76837917682242e+00     -7.46281647193920e+00     -3.99159485303224e+00     8.46324164635484e-01
4.40000000000308e+00     2.11339036285472e-01     -5.65061309110629e+00     5.85217088318409e+00     -8.29533326278992e+00     7.34274367933607e-02     8.29565823363151e-01
4.50000000000285e+00     -5.74552751399710e-01     -5.44321879154659e+00     5.93430340259388e+00     -7.10118340745427e+00     3.96140751530733e+00     8.13139319481189e-01
4.60000000000262e+00     -1.15311972781637e+00     -4.89550120639810e+00     6.01480958915473e+00     -4.24688208642868e+00     6.74469888036095e+00     7.97038082169023e-01
4.70000000000238e+00     -1.39341591397867e+00     -4.15246436051994e+00     6.09372164641464e+00     -4.83638619805449e-01     7.79757244199688e+00     7.81255670717030e-01
4.80000000000215e+00     -1.25094296116987e+00     -3.40037722128919e+00     6.17107114024870e+00     3.24830248578653e+00     6.93479025010677e+00     7.65785771950216e-01
4.90000000000192e+00     -7.74956955587593e-01     -2.82038054508553e+00     6.24688901148586e+00     6.05308866568841e+00     4.43886088695466e+00     7.50622197702789e-01
5.00000000000169e+00     -9.29521298909293e-02     -2.54514553913171e+00     6.32120558828541e+00     7.29286273031817e+00     9.73789757280594e-01     7.35758882342873e-01
5.10000000000145e+00     6.23053823511814e-01     -2.62888301906991e+00     6.39405059826906e+00     6.73097413994657e+00     -2.58949251374549e+00     7.21189880346144e-01
5.20000000000122e+00     1.19961496827543e+00     -3.03738874796205e+00     6.46545318041203e+00     4.57313326653326e+00     -5.39059709178517e+00     7.06909363917551e-01
5.30000000000099e+00     1.50360587207385e+00     -3.65973221739714e+00     6.53544189669927e+00     1.40061773859807e+00     -6.78608291689025e+00     6.92911620660106e-01
5.40000000000075e+00     1.47264116379077e+00     -4.33793048270110e+00     6.60404474355051e+00     -1.98418064626519e+00     -6.49561972241404e+00     6.79191051289870e-01
5.50000000000052e+00     1.12729790376543e+00     -4.90676888392636e+00     6.67128916301913e+00     -4.75930400038663e+00     -4.65513574204232e+00     6.65742167396151e-01
5.60000000000029e+00     5.62916288920957e-01     -5.23379872589770e+00     6.73720205376951e+00     -6.28157688727471e+00     -1.76782169942567e+00     6.52559589246070e-01
5.70000000000005e+00     -7.62496246904904e-02     -5.24989037978273e+00     6.80180978183692e+00     -6.23420197397748e+00     1.43122619940857e+00     6.39638043632599e-01
5.79999999999982e+00     -6.33625494982991e-01     -4.96336781204969e+00     6.86513819117392e+00     -4.69011396125375e+00     4.16080103732448e+00     6.26972361765198e-01
5.89999999999959e+00     -9.78436949377148e-01     -4.45497067954161e+00     6.92721261398865e+00     -2.07916600783434e+00     5.78317888279367e+00     6.14557477202253e-01
5.99999999999936e+00     -1.03613335510554e+00     -3.85560675866302e+00     6.98805788087793e+00     9.29192877704239e-01     5.95178812725993e+00     6.02388423824391e-01
6.09999999999912e+00     -8.04103654938764e-01     -3.31291735622935e+00     7.04769833075982e+00     3.59623394983920e+00     4.68310174593931e+00     5.90460333848016e-01
6.19999999999889e+00     -3.49483219181052e-01     -2.95513132145089e+00     7.10615782060945e+00     5.29424003658003e+00     2.33844236019504e+00     5.78768435878089e-01
6.29999999999866e+00     2.09718878234095e-01     -2.86100270784470e+00     7.16345973500224e+00     5.65304268512785e+00     -4.76393849601922e-01     5.67308052999528e-01
6.39999999999842e+00     7.34981539157677e-01     -3.04281989391244e+00     7.21962699546802e+00     4.63890422260461e+00     -3.06634371700629e+00     5.56074600906376e-01
6.49999999999819e+00     1.10137348025320e+00     -3.44605787246302e+00     7.27468206965982e+00     2.54943594163271e+00     -4.81765582677381e+00     5.45063586068015e-01
6.59999999999796e+00     1.22705121487270e+00     -3.96510470291902e+00     7.32864698034147e+00     -7.09337575711990e-02     -5.34223513378006e+00     5.34270603931691e-01
6.69999999999772e+00     1.09124300477116e+00     -4.47065154214358e+00     7.38154331419674e+00     -2.57150631167358e+00     -4.56208471542746e+00     5.23691337160645e-01
6.79999999999749e+00     7.36847290468285e-01     -4.84170493248465e+00     7.43339223046440e+00     -4.35589412051843e+00     -2.71589546584487e+00     5.13321553907104e-01
6.89999999999726e+00     2.57624267311643e-01     -4.99434502672418e+00     7.48421446940240e+00     -5.02324998708465e+00     -2.89252331213781e-01     5.03157106119508e-01
6.99999999999702e+00     -2.26336406332519e-01     -4.90044447270609e+00     7.53403036058392e+00     -4.45695508226541e+00     2.11177092620341e+00     4.93193927883207e-01
7.09999999999679e+00     -5.98515023678311e-01     -4.59224198066174e+00     7.58285983102957e+00     -2.84150689857456e+00     3.91102351452349e+00     4.83428033794068e-01
7.19999999999656e+00     -7.73830730222009e-01     -4.15222582991302e+00     7.63072241317872e+00     -6.06363003522292e-01     4.69959881709228e+00     4.73855517364242e-01
7.29999999999633e+00     -7.17860432067426e-01     -3.69133511213538e+00     7.67763725270239e+00     1.68689652573518e+00     4.32756918276382e+00     4.64472549459520e-01
7.39999999999609e+00     -4.53127062627405e-01     -3.32117674073945e+00     7.72362311616182e+00     3.48474170882672e+00     2.92987066128453e+00     4.55275376767626e-01
7.49999999999586e+00     -5.14526586949062e-02     -3.12717131663429e+00     7.76869839851565e+00     4.37443394856581e+00     8.82697556801008e-01     4.46260320296859e-01
7.59999999999563e+00     3.85239188211428e-01     -3.14904659699951e+00     7.81288113047781e+00     4.17771917735838e+00     -1.29638662165762e+00     4.37423773904428e-01
7.69999999999539e+00     7.50603912868336e-01     -3.37307942221233e+00     7.85618898573018e+00     2.98448210636280e+00     -3.07840367989958e+00     4.28762202853956e-01
7.79999999999516e+00     9.59612316239479e-01     -3.73749031447177e+00     7.89863928799230e+00     1.12062596439134e+00     -4.05056351830341e+00     4.20272142401530e-01
7.89999999999493e+00     9.68154004483202e-01     -4.14917827673006e+00     7.94024901795114e+00     -9.39522184548969e-01     -4.01093436707037e+00     4.11950196409766e-01
7.99999999999469e+00     7.82036148192419e-01     -4.50732844353469e+00     7.98103482005349e+00     -2.69304944731409e+00     -3.00871505225555e+00     4.03793035989312e-01
8.09999999999446e+00     4.53630265339993e-01     -4.72794831394569e+00     8.02101300916392e+00     -3.73046762279860e+00     -1.32256166391120e+00     3.95797398167231e-01
8.19999999999423e+00     6.74573985196536e-02     -4.76339816329693e+00     8.06019957709102e+00     -3.83048229619078e+00     6.15392640060757e-01     3.87960084581786e-01
8.29999999999399e+00     -2.81389562322478e-01     -4.61241721569953e+00     8.09861019898478e+00     -3.00580816603535e+00     2.32943125475193e+00     3.80277960203043e-01
8.39999999999376e+00     -5.10518733507962e-01     -4.31860816338691e+00     8.13626023960588e+00     -1.49093707023508e+00     3.41631530021681e+00     3.72747952078823e-01
8.49999999999353e+00     -5.69546495517587e-01     -3.95819687718825e+00     8.17316475947249e+00     3.22924913160136e-01     3.63937185302522e+00     3.65367048105473e-01
8.59999999999330e+00     -4.50953590714508e-01     -3.62043014139719e+00     8.20933852088491e+00     1.98804001115476e+00     2.97885398185164e+00     3.58132295822991e-01
8.69999999999306e+00     -1.90211858654704e-01     -3.38561205142027e+00     8.24479599382989e+00     3.10998211462753e+00     1.62818170355721e+00     3.51040801233997e-01
8.79999999999283e+00     1.44428151193773e-01     -3.30615125042907e+00     8.27955136176927e+00     3.44035811761376e+00     -6.09105058834171e-02     3.44089727646101e-01
8.89999999999260e+00     4.69628443969574e-01     -3.39505679298995e+00     8.31361852731390e+00     2.93079034625419e+00     -1.66913086125025e+00     3.37276294537192e-01
8.99999999999236e+00     7.07587863262408e-01     -3.62435592262938e+00     8.34701111778395e+00     1.73670281419849e+00     -2.81306813178654e+00     3.30597776443174e-01
9.09999999999213e+00     8.04526746010304e-01     -3.93342505243505e+00     8.37974249066096e+00     1.71969388620732e-01     -3.23594871956486e+00     3.24051501867760e-01
9.19999999999190e+00     7.42672523242219e-01     -4.24484265437708e+00     8.41182573893056e+00     -1.37274777653569e+00     -2.86439408533604e+00     3.17634852213837e-01
9.29999999999166e+00     5.43120012541642e-01     -4.48365841878112e+00     8.44327369631996e+00     -2.52691609641564e+00     -1.81886837895237e+00     3.11345260735991e-01
9.39999999999143e+00     2.59236656692255e-01     -4.59531283046816e+00     8.47409894243108e+00     -3.02841148368108e+00     -3.77120717368028e-01     3.05180211513762e-01
9.49999999999120e+00     -3.74313119628434e-02     -4.55795259124013e+00     8.50431380777359e+00     -2.78227669380987e+00     1.09874707806185e+00     2.99137238445263e-01
9.59999999999097e+00     -2.75069877642939e-01     -4.38640126284341e+00     8.53393037869654e+00     -1.87699233869044e+00     2.25262964078299e+00     2.93213924260692e-01
9.69999999999073e+00     -3.98870316147886e-01     -4.12715787505544e+00     8.56296050222303e+00     -5.56015312049581e-01     2.81978315575012e+00     2.87407899555399e-01
9.79999999999050e+00     -3.83537269405274e-01     -3.84597752656632e+00     8.59141579078956e+00     8.46819821047445e-01     2.68688185233927e+00     2.81716841842082e-01
9.89999999999027e+00     -2.38211980519270e-01     -3.61131020454439e+00     8.61930762689102e+00     1.99109137337998e+00     1.91332194350486e+00     2.76138474621778e-01
9.99999999999003e+00     -2.92465324040138e-03     -3.47774118301046e+00     8.64664716763378e+00     2.61187901559392e+00     7.10171502803733e-01     2.70670566473218e-01
1.00999999999898e+01     2.62239138385651e-01     -3.47341351716029e+00     8.67344534919865e+00     2.58048458651957e+00     -6.16512988496566e-01     2.65310930160240e-01
1.01999999999896e+01     4.92368137334737e-01     -3.59429986056739e+00     8.69971289121554e+00     1.93002706969427e+00     -1.74298071456058e+00     2.60057421756851e-01
1.02999999999893e+01     6.33517918770415e-01     -3.80643197383113e+00     8.72546030105150e+00     8.41136547088461e-01     -2.40630319908625e+00     2.54907939789641e-01
1.03999999999891e+01     6.55247976628695e-01     -4.05523997225938e+00     8.75069787801391e+00     -4.07249456624450e-01     -2.46519188869202e+00     2.49860424397166e-01
1.04999999999889e+01     5.57017377551482e-01     -4.27947757752078e+00     8.77543571746989e+00     -1.50879136311609e+00     -1.92919137225370e+00     2.44912856505964e-01
1.05999999999886e+01     3.67142410844524e-01     -4.42620621661818e+00     8.79968371488519e+00     -2.20445956526171e+00     -9.50470810899424e-01     2.40063257022913e-01
1.06999999999884e+01     1.34858441737733e-01     -4.46319458875645e+00     8.82345156978197e+00     -2.34294463213160e+00     2.18346709062163e-01     2.35309686043558e-01
1.07999999999882e+01     -8.23354809084178e-02     -4.38585444664800e+00     8.84674878961916e+00     -1.91280513706008e+00     1.28884829387122e+00     2.30650242076125e-01
1.08999999999879e+01     -2.32822207158679e-01     -4.21725961477861e+00     8.86958469359533e+00     -1.03973363246329e+00     2.00756295874865e+00     2.26083061280900e-01
1.09999999999877e+01     -2.83043527860931e-01     -4.00151488320150e+00     8.89196841637662e+00     4.90342895627746e-02     2.21552061594448e+00     2.21606316724669e-01
1.10999999999875e+01     -2.24858759301007e-01     -3.79232951007379e+00     8.91390891175038e+00     1.08332420148938e+00     1.88275969851933e+00     2.17218217649918e-01
1.11999999999872e+01     -7.65049564803573e-02     -3.63973005196103e+00     8.93541495620746e+00     1.81665073148914e+00     1.11047079279353e+00     2.12917008758509e-01
1.12999999999870e+01     1.22821176277536e-01     -3.57817943532415e+00     8.95649515245226e+00     2.08453858812198e+00     1.01530005676675e-01     2.08700969509532e-01
1.13999999999868e+01     3.23207186125917e-01     -3.61890305436991e+00     8.97715793284452e+00     1.84084329092354e+00     -8.92255319756075e-01     2.04568413431076e-01
1.14999999999865e+01     4.76442943384096e-01     -3.74810157966149e+00     8.99741156277181e+00     1.16420351301413e+00     -1.63259440098866e+00     2.00517687445609e-01
1.15999999999863e+01     5.47542591078313e-01     -3.93124925938310e+00     9.01726414395621e+00     2.34245184867385e-01     -1.95146310351543e+00     1.96547171208726e-01
1.16999999999861e+01     5.22635876075398e-01     -4.12220587669119e+00     9.03672361769487e+00     -7.15556558672586e-01     -1.78873820503924e+00     1.92655276460989e-01
1.17999999999858e+01     4.11474310790125e-01     -4.27476329459063e+00     9.05579776803684e+00     -1.45611133511278e+00     -1.20241889503299e+00     1.88840446392607e-01
1.18999999999856e+01     2.44160892551694e-01     -4.35375558088234e+00     9.07449422489651e+00     -1.81761008292374e+00     -3.50053346582503e-01     1.85101155020689e-01
1.19999999999854e+01     6.31159846784471e-02     -4.34307918569066e+00     9.09282046710580e+00     -1.72801912539076e+00     5.53035913745396e-01     1.81435906578828e-01
1.20999999999851e+01     -8.76026151907330e-02     -4.24881644858210e+00     9.11078382540610e+00     -1.22656171987415e+00     1.28777636566959e+00     1.77843234918775e-01
1.21999999999849e+01     -1.72954445337188e-01     -4.09690361122158e+00     9.12839148538014e+00     -4.49927167042220e-01     1.68415294892975e+00     1.74321702923966e-01
1.22999999999847e+01     -1.74985793276253e-01     -3.92611780914734e+00     9.14565049032680e+00     4.04408112916900e-01     1.66015252821022e+00     1.70869901934645e-01
1.23999999999844e+01     -9.64754086350716e-02     -3.77825236741536e+00     9.16256774407806e+00     1.12803324464854e+00     1.23802751665793e+00     1.67486451184393e-01
1.24999999999842e+01     4.05463811305058e-02     -3.68795230005301e+00     9.17915001376110e+00     1.55212922350719e+00     5.34858554357561e-01     1.64169997247798e-01
1.25999999999840e+01     2.00848162075218e-01     -3.67466666851728e+00     9.19540393250473e+00     1.58649702499690e+00     -2.69307476673150e-01     1.60919213499066e-01
1.26999999999837e+01     3.44983944770728e-01     -3.73856927925828e+00     9.21133600209334e+00     1.23815681475281e+00     -9.77205868002501e-01     1.57732799581352e-01
1.27999999999835e+01     4.38940404250352e-01     -3.86127269787291e+00     9.22695259556719e+00     6.05848429783770e-01     -1.42244748167769e+00     1.54609480886600e-01
1.28999999999833e+01     4.62099948284829e-01     -4.01097599727054e+00     9.24225995977159e+00     -1.47299976011283e-01     -1.50830454197057e+00     1.51548008045692e-01
1.29999999999830e+01     4.11671497605481e-01     -4.15063498054307e+00     9.25726421785661e+00     -8.35509202237886e-01     -1.22823049191934e+00     1.48547156428668e-01
1.30999999999828e+01     3.02662414934838e-01     -4.24707241631505e+00     9.27197137172555e+00     -1.29589456456387e+00     -6.63897591411722e-01     1.45605725654873e-01
1.31999999999826e+01     1.63573164549900e-01     -4.27880151968400e+00     9.28638730443594e+00     -1.42672223133151e+00     3.78944811867535e-02     1.42722539112774e-01
1.32999999999823e+01     2.90173295686394e-02     -4.24073253326426e+00     9.30051778255324e+00     -1.20946613223661e+00     7.03059858809112e-01     1.39896443489311e-01
1.33999999999821e+01     -6.88384623666458e-02     -4.14475326089197e+00     9.31436845845708e+00     -7.09998611987994e-01     1.17314296401108e+00     1.37126308308557e-01
1.34999999999819e+01     -1.07910771592782e-01     -4.01620579055882e+00     9.32794487260246e+00     -5.94467984767606e-02     1.34279501607512e+00     1.34411025479502e-01
1.35999999999816e+01     -8.11123722000307e-02     -3.88726724081008e+00     9.34125245573594e+00     5.79886270388474e-01     1.18301530916161e+00     1.31749508852809e-01
1.36999999999814e+01     2.53213825665637e-03     -3.78894705457145e+00     9.35429653106822e+00     1.05475829949035e+00     7.45128719630447e-01     1.29140693786338e-01
1.37999999999812e+01     1.20687415345992e-01     -3.74367876816962e+00     9.36708231640358e+00     1.25746867608164e+00     1.45298676903405e-01     1.26583536719283e-01
1.38999999999809e+01     2.43598235435215e-01     -3.76026372835419e+00     9.37961492622642e+00     1.14996171114101e+00     -4.65938431505800e-01     1.24077014754717e-01
1.39999999999807e+01     3.41532961639472e-01     -3.83228995992850e+00     9.39189937374781e+00     7.70243608028663e-01     -9.41206816212223e-01     1.21620125250436e-01
1.40999999999805e+01     3.91929477539832e-01     -3.94026999226597e+00     9.40394057291048e+00     2.20264143161282e-01     -1.17159338924652e+00     1.19211885417878e-01
1.41999999999802e+01     3.84537523293325e-01     -4.05683793383315e+00     9.41574334035493e+00     -3.61097173825426e-01     -1.11132002970056e+00     1.16851331929001e-01
1.42999999999800e+01     3.23399887154531e-01     -4.15363657276286e+00     9.42731239734514e+00     -8.32862841246252e-01     -7.86272121220651e-01     1.14537520530934e-01
1.43999999999798e+01     2.25320165995752e-01     -4.20817272285569e+00     9.43865237165838e+00     -1.08592764747869e+00     -2.84966285408193e-01     1.12269525668266e-01
1.44999999999795e+01     1.15323176487064e-01     -4.20899417950208e+00     9.44976779943567e+00     -1.06803553280887e+00     2.65182953464524e-01     1.10046440112813e-01
1.45999999999793e+01     2.03171582183043e-02     -4.15800966510177e+00     9.46066312699615e+00     -7.94111757153467e-01     7.30016141928255e-01     1.07867374600711e-01
1.46999999999791e+01     -3.74482497637166e-02     -4.06950612300592e+00     9.47134271261616e+00     -3.40040965077727e-01     1.00114247341919e+00     1.05731457476699e-01
1.47999999999788e+01     -4.55476866725104e-02     -3.96622908061293e+00     9.48181082827234e+00     1.77964134269019e-01     1.02098424948456e+00     1.03637834345449e-01
1.48999999999786e+01     -3.98164924571075e-03     -3.87358343838351e+00     9.49207166135043e+00     6.32879137930773e-01     7.94624933904680e-01     1.01585667729795e-01
1.49999999999784e+01     7.53108525027127e-02     -3.81342239196390e+00     9.50212931632076e+00     9.17825869679101e-01     3.86130215878643e-01     9.95741367357247e-02
1.50999999999781e+01     1.71790297337796e-01     -3.79893364910015e+00     9.51198781637929e+00     9.70973695030866e-01     -9.91647568695180e-02     9.76024367240236e-02
1.51999999999779e+01     2.61591151468102e-01     -3.83180916142055e+00     9.52165110505739e+00     7.88635962602760e-01     -5.41593925056973e-01     9.56697789883947e-02
1.52999999999777e+01     3.23389054443674e-01     -3.90228916998656e+00     9.53112304779951e+00     4.23876339177585e-01     -8.36487438221607e-01     9.37753904399756e-02
1.53999999999774e+01     3.43427104917738e-01     -3.99195727353531e+00     9.54040743350886e+00     -2.84717886609575e-02     -9.18744069882169e-01     9.19185132980876e-02
1.54999999999772e+01     3.18526005328425e-01     -4.07850677480429e+00     9.54950797606361e+00     -4.56239075088013e-01     -7.76928671681793e-01     9.00984047871148e-02
1.55999999999770e+01     2.56433544215184e-01     -4.14125528086862e+00     9.55842831580230e+00     -7.57563113187104e-01     -4.53916664902726e-01     8.83143368393854e-02
1.56999999999767e+01     1.73533734054059e-01     -4.16605262439452e+00     9.56717202097962e+00     -8.64969868784585e-01     -3.44581453919090e-02     8.65655958039306e-02
1.57999999999765e+01     9.05698089575822e-02     -4.14842613325826e+00     9.57574258919417e+00     -7.60244628084330e-01     3.76836181863232e-01     8.48514821610213e-02
1.58999999999763e+01     2.74870610734371e-02     -4.09427630659650e+00     9.58414344878759e+00     -4.76878945198747e-01     6.81419955951609e-01     8.31713102423455e-02
1.59999999999760e+01     -1.33029931725544e-03     -4.01805172137224e+00     9.59237796021564e+00     -8.99925469995300e-02     8.10261840860231e-01     8.15244079567319e-02
1.60999999999758e+01     9.70124850165290e-03     -3.93894072421904e+00     9.60044941739283e+00     3.03356129202737e-01     7.39281902335050e-01     7.99101165213078e-02
1.61999999999756e+01     5.63674550123974e-02     -3.87607310850016e+00     9.60836104900955e+00     6.08360966495033e-01     4.93377346637552e-01     7.83277901979739e-02
1.62999999999754e+01     1.26053493249057e-01     -3.84392401127330e+00     9.61611601982398e+00     7.55169244982001e-01     1.38517336008888e-01     7.67767960351039e-02
1.63999999999751e+01     2.01105688549384e-01     -3.84901690725777e+00     9.62371743192772e+00     7.14694325999493e-01     -2.35725061295852e-01     7.52565136143519e-02
1.64999999999749e+01     2.63272665731630e-01     -3.88866729220997e+00     9.63116832598713e+00     5.04009005802119e-01     -5.38629870216637e-01     7.37663348024794e-02
1.65999999999747e+01     2.98116031001154e-01     -3.95198903115571e+00     9.63847168245917e+00     1.80431638019505e-01     -7.00182348775105e-01     7.23056635080917e-02
1.66999999999744e+01     2.98331548223164e-01     -4.02283274622731e+00     9.64563042278352e+00     -1.73830040782711e-01     -6.87091191870843e-01     7.08739154431960e-02
1.67999999999742e+01     2.65225188944909e-01     -4.08387416127284e+00     9.65264741055220e+00     -4.72415844154687e-01     -5.09351112470463e-01     6.94705178894761e-02
1.68999999999740e+01     2.08061593302005e-01     -4.12082456095365e+00     9.65952545265355e+00     -6.45735123430044e-01     -2.16143054319786e-01     6.80949094691977e-02
1.69999999999737e+01     1.41524982030755e-01     -4.12574647056899e+00     9.66626730039636e+00     -6.57037349252622e-01     1.17524383959531e-01     6.67465399206510e-02
1.70999999999735e+01     8.19768746486957e-02     -4.09871262189234e+00     9.67287565060941e+00     -5.09958484393097e-01     4.09858151134504e-01     6.54248698780381e-02
1.71999999999733e+01     4.34573573456641e-02     -4.04747438529822e+00     9.67935314672103e+00     -2.46063397962073e-01     5.92208090330844e-01     6.41293706557204e-02
1.72999999999730e+01     3.44011670243649e-02     -3.98529742004831e+00     9.68570237981596e+00     6.66326663517641e-02     6.25053648887356e-01     6.28595240367344e-02
1.73999999999728e+01     5.58299472982763e-02     -3.92755667117266e+00     9.69192588967220e+00     3.51050654675201e-01     5.06361597742676e-01     6.16148220655014e-02
1.74999999999726e+01     1.01397338455458e-01     -3.88795785061215e+00     9.69802616577659e+00     5.39931279246287e-01     2.70604877844664e-01     6.03947668446362e-02
1.75999999999723e+01     1.59203412052799e-01     -3.87530832464050e+00     9.70400564832085e+00     5.91617694385187e-01     -2.09553953363709e-02     5.91988703357832e-02
1.76999999999721e+01     2.14872921329216e-01     -3.89159207561030e+00     9.70986672917771e+00     4.99065037680770e-01     -2.96046191524501e-01     5.80266541643935e-02
1.77999999999719e+01     2.55107866021308e-01     -3.93176034314156e+00     9.71561175285780e+00     2.90176711085955e-01     -4.89187261478701e-01     5.68776494283686e-02
1.78999999999716e+01     2.70841811777547e-01     -3.98522099744249e+00     9.72124301744714e+00     1.97266504300662e-02     -5.57164859399701e-01     5.57513965104936e-02
1.79999999999714e+01     2.59253347723343e-01     -4.03860202258293e+00     9.72676277552674e+00     -2.44860782461383e-01     -4.88546334100576e-01     5.46474448945847e-02
1.80999999999712e+01     2.24199423268259e-01     -4.07907486804814e+00     9.73217323507316e+00     -4.40214224896473e-01     -3.05182142732112e-01     5.35653529852760e-02
1.81999999999709e+01     1.75026356545670e-01     -4.09741685218803e+00     9.73747656034272e+00     -5.22089532251535e-01     -5.56484122911719e-02     5.25046879313759e-02
1.82999999999707e+01     1.24107935389308e-01     -4.09008671227036e+00     9.74267487273593e+00     -4.75255148431679e-01     1.97477665507092e-01     5.14650254527199e-02
1.83999999999705e+01     8.37523108744086e-02     -4.05985307774588e+00     9.74777025164730e+00     -3.16015850906221e-01     3.93209061176690e-01     5.04459496704543e-02
1.84999999999702e+01     6.32459509905310e-02     -4.01488153569826e+00     9.75276473529627e+00     -8.70568686914583e-02     4.86746552186558e-01     4.94470529406784e-02
1.85999999999700e+01     6.67398514455124e-02     -3.96656017815806e+00     9.75766032154276e+00     1.53851138918579e-01     4.59612778403612e-01     4.84679356913816e-02
1.86999999999698e+01     9.24530885761209e-02     -3.92663578868842e+00     9.76245896868655e+00     3.48330438840754e-01     3.23061714856640e-01     4.75082062626093e-02
1.87999999999695e+01     1.33333509728494e-01     -3.90437609882026e+00     9.76716259625060e+00     4.51452803951158e-01     1.14207671121137e-01     4.65674807497932e-02
1.88999999999693e+01     1.78959609895201e-01     -3.90443922583788e+00     9.77177308574868e+00     4.42011948829831e-01     -1.13910204308880e-01     4.56453828501854e-02
1.89999999999691e+01     2.18177755960274e-01     -3.92593470516755e+00     9.77629228143792e+00     3.26690922968400e-01     -3.05701838768313e-01     4.47415437123309e-02
1.90999999999688e+01     2.41811992061707e-01     -3.96285510229086e+00     9.78072199105700e+00     1.37362090131611e-01     -4.16488939850816e-01     4.38556017885230e-02
1.91999999999686e+01     2.44792200056549e-01     -4.00572071258770e+00     9.78506398654872e+00     -7.75620029515756e-02     -4.22816857765664e-01     4.29872026901793e-02
1.92999999999684e+01     2.27211856811155e-01     -4.04399443209028e+00     9.78932000476923e+00     -2.65414531815584e-01     -3.27260397638169e-01     4.21359990460825e-02
1.93999999999681e+01     1.94103096877309e-01     -4.06865611630666e+00     9.79349174818258e+00     -3.82101200910925e-01     -1.56784261125657e-01     4.13016503634248e-02
1.94999999999679e+01     1.54033445918970e-01     -4.07431135192046e+00     9.79758088554166e+00     -4.02363448788316e-01     4.46950407888041e-02     4.04838228916084e-02
1.95999999999677e+01     1.16907743534414e-01     -4.06034599304929e+00     9.80158905255602e+00     -3.25111513955558e-01     2.27530480937349e-01     3.96821894887404e-02
1.96999999999674e+01     9.15347918469284e-02     -4.03088635199759e+00     9.80551785254585e+00     -1.72738718359548e-01     3.48503311164437e-01     3.88964294907701e-02
1.97999999999672e+01     8.35528814662666e-02     -3.99362144476440e+00     9.80936885708365e+00     1.51821998825449e-02     3.80959881621108e-01     3.81262285832225e-02
1.98999999999670e+01     9.41987828531267e-02     -3.95781501812248e+00     9.81314360662240e+00     1.92085152814747e-01     3.20569089358422e-01     3.73712786754643e-02
1.99999999999667e+01     1.20183038853330e-01     -3.93201699415840e+00     9.81684361111237e+00     3.15878421435262e-01     1.85488204564586e-01     3.66312777774670e-02
2.00999999999665e+01     1.54658156757477e-01     -3.92203623875797e+00     9.82047035060448e+00     3.58887174856626e-01     1.11164639637615e-02     3.59059298790043e-02
2.01999999999663e+01     1.89004113727507e-01     -3.92965171108769e+00     9.82402527584326e+00     3.13940621814000e-01     -1.59090226420446e-01     3.51949448312454e-02
2.02999999999660e+01     2.14969930420357e-01     -3.95234285422590e+00     9.82750980884601e+00     1.95291742784295e-01     -2.84381081257040e-01     3.44980382306913e-02
2.03999999999658e+01     2.26642562034410e-01     -3.98406407033397e+00     9.83092534347253e+00     3.43511359211271e-02     -3.36399996105691e-01     3.38149313054093e-02
2.04999999999656e+01     2.21776597869141e-01     -4.01683617372686e+00     9.83427324598203e+00     -1.28536188210140e-01     -3.05515754600775e-01     3.31453508035214e-02
2.05999999999653e+01     2.02190200719324e-01     -4.04274023592169e+00     9.83755485558015e+00     -2.54139219754234e-01     -2.02402956412728e-01     3.24890288838987e-02
2.06999999999651e+01     1.73168723882266e-01     -4.05581876634302e+00     9.84077148495448e+00     -3.13727576493483e-01     -5.46798661431656e-02     3.18457030090223e-02
2.07999999999649e+01     1.42058273191155e-01     -4.05343085835344e+00     9.84392442079988e+00     -2.95565946407592e-01     1.00394805714479e-01     3.12151158399647e-02
2.08999999999646e+01     1.16419054814550e-01     -4.03675696240527e+00     9.84701492433233e+00     -2.07068622991281e-01     2.25256118407857e-01     3.05970151334501e-02
2.09999999999644e+01     1.02199666118364e-01     -4.01036529308848e+00     9.85004423179480e+00     -7.22663986682153e-02     2.91074728025438e-01     2.99911536409544e-02
2.10999999999642e+01     1.02370370379874e-01     -3.98098089053996e+00     9.85301355495057e+00     7.46214732219697e-02     2.84344326208192e-01     2.93972890098025e-02
2.11999999999639e+01     1.16325890278665e-01     -3.95578449226338e+00     9.85592408156841e+00     1.97812360625098e-01     2.09527447058920e-01     2.88151836862238e-02
2.12999999999637e+01     1.40171102753380e-01     -3.94066856710140e+00     9.85877697589789e+00     2.68622943940022e-01     8.72781996529472e-02     2.82446048203270e-02
2.13999999999635e+01     1.67786341147325e-01     -3.93887140371487e+00     9.86157337913482e+00     2.72085713193788e-01     -5.11574249940805e-02     2.76853241729581e-02
2.14999999999632e+01     1.92385659631705e-01     -3.95030276616685e+00     9.86431440987763e+00     2.10009037237065e-01     -1.71867744925587e-01     2.71371180244010e-02
2.15999999999630e+01     2.08174156670282e-01     -3.97169609805523e+00     9.86700116457513e+00     9.98846783874267e-02     -2.46531563740793e-01     2.65997670848867e-02
2.16999999999628e+01     2.11702087751309e-01     -3.99751827909819e+00     9.86963471796506e+00     -2.99318130436209e-02     -2.59006782937332e-01     2.60730564068746e-02
2.17999999999625e+01     2.02602156302524e-01     -4.02138854381612e+00     9.87221612350398e+00     -1.47463150343216e-01     -2.08733072749840e-01     2.55567752990707e-02
2.18999999999623e+01     1.83556939529597e-01     -4.03764551964754e+00     9.87474641378860e+00     -2.24938986145822e-01     -1.10255593718917e-01     2.50507172421480e-02
2.19999999999621e+01     1.59534466160995e-01     -4.04267989373440e+00     9.87722660096869e+00     -2.45306361906100e-01     1.08636479414566e-02     2.45546798061362e-02
2.20999999999618e+01     1.36504393264556e-01     -4.03572155321262e+00     9.87965767715210e+00     -2.05908644717634e-01     1.24622344319283e-01     2.40684645694468e-02
2.21999999999616e+01     1.19963752159278e-01     -4.01891337748161e+00     9.88204061480193e+00     -1.18559637841794e-01     2.03963914699481e-01     2.35918770395024e-02
2.22999999999614e+01     1.13634109920676e-01     -3.99668191512257e+00     9.88437636712468e+00     -6.13639759894067e-03     2.31165833420682e-01     2.31247265749364e-02
2.23999999999611e+01     1.18636600079825e-01     -3.97458379101069e+00     9.88666586845262e+00     1.03353724928629e-01     2.01733757802563e-01     2.26668263093341e-02
2.24999999999609e+01     1.33324390221116e-01     -3.95792569994043e+00     9.88891003461686e+00     1.83706622251651e-01     1.24963188882053e-01     2.22179930764840e-02
2.25999999999607e+01     1.53787079266037e-01     -3.95049858899583e+00     9.89110976331370e+00     2.16749639165841e-01     2.11643214685250e-02     2.17780473371083e-02
2.26999999999604e+01     1.74879431232120e-01     -3.95372582712738e+00     9.89326593446401e+00     1.96394978114768e-01     -8.36519907355660e-02     2.13468131070453e-02
2.27999999999602e+01     1.91506600036672e-01     -3.96641389133710e+00     9.89537941056504e+00     1.29629223305256e-01     -1.64250221916378e-01     2.09241178868532e-02
2.28999999999600e+01     1.99846847245787e-01     -3.98514187424066e+00     9.89745103703525e+00     3.43212593457757e-02     -2.02205861381239e-01     2.05097925928078e-02
2.29999999999597e+01     1.98220288141405e-01     -4.00517113505825e+00     9.89948164255302e+00     -6.54997329212536e-02     -1.90067213695812e-01     2.01036714892671e-02
2.30999999999595e+01     1.87408717299014e-01     -4.02163603800179e+00     9.90147203938750e+00     -1.45661933470296e-01     -1.32716378895151e-01     1.97055921223742e-02
2.31999999999593e+01     1.70371157831363e-01     -4.03071852806397e+00     9.90342302372400e+00     -1.87666871887420e-01     -4.57120835444797e-02     1.93153952550750e-02
2.32999999999590e+01     1.51447204275904e-01     -4.03052483470225e+00     9.90533537598227e+00     -1.82913614367584e-01     4.88689455604650e-02     1.89329248034201e-02
2.33999999999588e+01     1.35259742595466e-01     -4.02146524207109e+00     9.90720986112871e+00     -1.34378158875376e-01     1.27994335436405e-01     1.85580277741290e-02
2.34999999999586e+01     1.25592597858132e-01     -4.00606512208561e+00     9.90904722898238e+00     -5.54441300004518e-02     1.73250035125977e-01     1.81905542033911e-02
2.35999999999583e+01     1.24513882527183e-01     -3.98827495448765e+00     9.91084821451512e+00     3.37224510555796e-02     1.75085578261126e-01     1.78303570968787e-02
2.36999999999581e+01     1.31946139887902e-01     -3.97246483554074e+00     9.91261353814480e+00     1.11286594318009e-01     1.34762267668141e-01     1.74772923709462e-02
2.37999999999579e+01     1.45769091979301e-01     -3.96235754563975e+00     9.91434390602463e+00     1.59058453404619e-01     6.36260492309501e-02     1.71312187949959e-02
2.38999999999576e+01     1.62409409873236e-01     -3.96015905302309e+00     9.91604001032458e+00     1.66722852909105e-01     -2.00152387620523e-02     1.67919979349827e-02
2.39999999999574e+01     1.77756641542698e-01     -3.96608772057988e+00     9.91770252950922e+00     1.34010068791195e-01     -9.55656635980009e-02     1.64594940980398e-02
2.40999999999572e+01     1.88172338751551e-01     -3.97839975113650e+00     9.91933212860837e+00     7.03667765663398e-02     -1.45181743530947e-01     1.61335742781988e-02
2.41999999999569e+01     1.91346155754593e-01     -3.99388529692279e+00     9.92092945948348e+00     -7.69571576583090e-03     -1.57953719388893e-01     1.58141081031864e-02
2.42999999999567e+01     1.86799132053799e-01     -4.00869752395745e+00     9.92249516108805e+00     -8.08474461989549e-02     -1.32256155477997e-01     1.55009677822730e-02
2.43999999999565e+01     1.75927014759732e-01     -4.01930228640688e+00     9.92402985972367e+00     -1.31696834987306e-01     -7.57746165177704e-02     1.51940280551547e-02
2.44999999999562e+01     1.61591242080973e-01     -4.02331540004287e+00     9.92553416929011e+00     -1.48895248631598e-01     -3.29313039676965e-03     1.48931661418482e-02
2.45999999999560e+01     1.47373643346838e-01     -4.02003065921717e+00     9.92700869153142e+00     -1.29628024756485e-01     6.71379151087747e-02     1.45982616935766e-02
2.46999999999558e+01     1.36687195825382e-01     -4.01052379932668e+00     9.92845401627623e+00     -7.99564357998756e-02     1.18668780737966e-01     1.43091967446286e-02
2.47999999999555e+01     1.31962237740305e-01     -3.99732404179980e+00     9.92987072167358e+00     -1.30126565484874e-02     1.39653619657981e-01     1.40258556651703e-02
2.48999999999553e+01     1.34100796037613e-01     -3.98374913059529e+00     9.93125937442450e+00     5.44341878146094e-02     1.26245845930536e-01     1.37481251149919e-02
2.49999999999551e+01     1.42319684070844e-01     -3.97307689810391e+00     9.93262053000855e+00     1.06151572664780e-01     8.30169592661141e-02     1.34758939981703e-02
2.50999999999548e+01     1.54404841326225e-01     -3.96775890831509e+00     9.93395473290619e+00     1.30324490157798e-01     2.15275750314482e-02     1.32090534186290e-02
2.51999999999546e+01     1.67299652249995e-01     -3.96886355097639e+00     9.93526251681643e+00     1.22222314666594e-01     -4.27255510551394e-02     1.29474966365780e-02
2.52999999999544e+01     1.77872729229522e-01     -3.97587345826470e+00     9.93654440487013e+00     8.50581628291458e-02     -9.41889544951110e-02     1.26911190258175e-02
2.53999999999541e+01     1.83673563999391e-01     -3.98687204754514e+00     9.93780090983973e+00     2.89050494730104e-02     -1.20993410488370e-01     1.24398180318845e-02
2.54999999999539e+01     1.83494880494418e-01     -3.99905909141972e+00     9.93903253434396e+00     -3.19944331988405e-02     -1.17662584188596e-01     1.21934931310305e-02
2.55999999999537e+01     1.77614090726526e-01     -4.00945848155320e+00     9.94023977104900e+00     -8.28152259129882e-02     -8.61787573224260e-02     1.19520457900112e-02
2.56999999999534e+01     1.67668395334566e-01     -4.01564051875131e+00     9.94142310286574e+00     -1.11736272825132e-01     -3.52138729230036e-02     1.17153794266705e-02
2.57999999999532e+01     1.56207916999060e-01     -4.01628453640366e+00     9.94258300314252e+00     -1.12664265419802e-01     2.22173222850003e-02     1.14833993713076e-02
2.58999999999530e+01     1.46046908537984e-01     -4.01145287509917e+00     9.94371993585503e+00     -8.64737572050865e-02     7.20560323294833e-02     1.12560128288074e-02
2.59999999999527e+01     1.39576909181558e-01     -4.00252166877493e+00     9.94483435579144e+00     -4.05237257128061e-02     1.02619787846775e-01     1.10331288415207e-02
2.60999999999525e+01     1.38208443807616e-01     -3.99179853656191e+00     9.94592670873456e+00     1.33656284269775e-02     1.07317488273892e-01     1.08146582528811e-02
2.61999999999523e+01     1.42070428627116e-01     -3.98193135574870e+00     9.94699743164028e+00     6.19291355291944e-02     8.60341280137441e-02     1.06005136717402e-02
2.62999999999520e+01     1.50029435040059e-01     -3.97525842620291e+00     9.94804695281185e+00     9.37019819756282e-02     4.49045100398784e-02     1.03906094374098e-02
2.63999999999518e+01     1.60011639218763e-01     -3.97325853109416e+00     9.94907569207183e+00     1.01705016683553e-01     -5.40648987539420e-03     1.01848615853977e-02
2.64999999999516e+01     1.69538199050436e-01     -3.97622917073451e+00     9.95008406092979e+00     8.49465065155797e-02     -5.24451611056904e-02     9.98318781381972e-03
2.65999999999513e+01     1.76336996504806e-01     -3.98326136853987e+00     9.95107246274648e+00     4.84257579979300e-02     -8.50327088164646e-02     9.78550745047824e-03
2.66999999999511e+01     1.78880701130118e-01     -3.99250547646951e+00     9.95204129289580e+00     1.69647742469470e-03     -9.59024103570966e-02     9.59174142059223e-03
2.67999999999509e+01     1.76724704548844e-01     -4.00165267566755e+00     9.95299093892293e+00     -4.36083192491915e-02     -8.32929876111303e-02     9.40181221516594e-03
2.68999999999506e+01     1.70571540796588e-01     -4.00850797217594e+00     9.95392178069879e+00     -7.66541690406006e-02     -5.11561095481831e-02     9.21564385998483e-03
2.69999999999504e+01     1.62057031856594e-01     -4.01151336405885e+00     9.95483419057260e+00     -8.99782266673493e-02     -7.98248647161921e-03     9.03316188522462e-03
2.70999999999502e+01     1.53320475805055e-01     -4.01009737540078e+00     9.95572853352046e+00     -8.11509721668965e-02     3.54170960544695e-02     8.85429329566239e-03
2.71999999999499e+01     1.46470663084174e-01     -4.00477374482746e+00     9.95660516729149e+00     -5.31628567562811e-02     6.86014335442184e-02     8.67896654147713e-03
2.72999999999497e+01     1.43080163968539e-01     -3.99697538170250e+00     9.95746444255067e+00     -1.34929413083004e-02     8.39942564974073e-02     8.50711148962958e-03
2.73999999999495e+01     1.43828341324799e-01     -3.98867388373134e+00     9.95830670301978e+00     2.78649130762845e-02     7.85930701218805e-02     8.33865939580753e-03
2.74999999999492e+01     1.48373069267404e-01     -3.98188448417529e+00     9.95913228561409e+00     6.09029652680604e-02     5.45115504976440e-02     8.17354287692752e-03
2.75999999999490e+01     1.55473026154089e-01     -3.97817992129528e+00     9.95994152057775e+00     7.80057882908294e-02     1.82708534882113e-02     8.01169588418028e-03
2.76999999999488e+01     1.63321340103338e-01     -3.97832973571477e+00     9.96073473161553e+00     7.56870534034629e-02     -2.09407533741412e-02     7.85305367661068e-03
2.77999999999486e+01     1.70002098435967e-01     -3.98214678291080e+00     9.96151223602249e+00     5.52656657568110e-02     -5.35811355980773e-02     7.69755279522049e-03
2.78999999999483e+01     1.73955168233917e-01     -3.98856973097207e+00     9.96227434481075e+00     2.23603114907768e-02     -7.20618949755613e-02     7.54513103758383e-03
2.79999999999481e+01     1.74337269071869e-01     -3.99595245978846e+00     9.96302136283393e+00     -1.46297527587680e-02     -7.24958534020465e-02     7.39572743296533e-03
2.80999999999479e+01     1.71196571661285e-01     -4.00248268348756e+00     9.96375358890911e+00     -4.66527317720065e-02     -5.54863216093143e-02     7.24928221793101e-03
2.81999999999476e+01     1.65426164328080e-01     -4.00662410119617e+00     9.96447131593648e+00     -6.62057388481789e-02     -2.58060014015794e-02     7.10573681244224e-03
2.82999999999474e+01     1.58516243717750e-01     -4.00747486984821e+00     9.96517483101653e+00     -6.90775979862504e-02     8.91375538047627e-03     6.96503379642285e-03
2.83999999999472e+01     1.52172489992894e-01     -4.00495951079462e+00     9.96586441556463e+00     -5.52320519734449e-02     4.01294521940458e-02     6.82711688679040e-03
2.84999999999469e+01     1.47897608059581e-01     -3.99981465106675e+00     9.96654034542394e+00     -2.86527769474694e-02     6.04748899150379e-02     6.69193091494209e-03
2.85999999999467e+01     1.46638067768536e-01     -3.99338011065170e+00     9.96720289097526e+00     3.77183318599868e-03     6.54856832872536e-02     6.55942180468670e-03
2.86999999999465e+01     1.48578402809349e-01     -3.98725318648566e+00     9.96785231724566e+00     3.40183870081346e-02     5.45586232499823e-02     6.42953655061331e-03
2.87999999999462e+01     1.53126728646894e-01     -3.98289460013640e+00     9.96848888401434e+00     5.49016535869621e-02     3.09452767924046e-02     6.30222319688846e-03
2.88999999999460e+01     1.59087462876782e-01     -3.98128272633693e+00     9.96911284591635e+00     6.17688757384557e-02     8.19230883065307e-04     6.17743081647313e-03
2.89999999999458e+01     1.64972389356629e-01     -3.98269732542008e+00     9.96972445254507e+00     5.35188950267061e-02     -2.83224816995313e-02     6.05510949075127e-03
2.90999999999455e+01     1.69369868318232e-01     -3.98667968789627e+00     9.97032394855101e+00     3.27275868533924e-02     -4.95134040123134e-02     5.93521028956156e-03
2.91999999999453e+01     1.71281162198580e-01     -3.99217185435800e+00     9.97091157374074e+00     4.88449576867668e-03     -5.79714401217034e-02     5.81768525162488e-03
2.92999999999451e+01     1.70344320962955e-01     -3.99779442353799e+00     9.97148756317216e+00     -2.30409818841980e-02     -5.21627201075731e-02     5.70248736535900e-03
2.93999999999448e+01     1.66896218464861e-01     -4.00219073520259e+00     9.97205214724852e+00     -4.43329197076445e-02     -3.40429452841753e-02     5.58957055007337e-03
2.94999999999446e+01     1.61864173798578e-01     -4.00435209097591e+00     9.97260555181118e+00     -5.41332896408523e-02     -8.45045079809435e-03     5.47888963753643e-03
2.95999999999444e+01     1.56519891653872e-01     -4.00384658037963e+00     9.97314799822943e+00     -5.05368802304701e-02     1.81698578061823e-02     5.37040035390738e-03
2.96999999999441e+01     1.52160267772174e-01     -4.00090028682763e+00     9.97367970348884e+00     -3.49334876942794e-02     3.93787185042796e-02     5.26405930202609e-03
2.97999999999439e+01     1.49794654802213e-01     -3.99631714163115e+00     9.97420088027869e+00     -1.15446391177502e-02     5.02901543147874e-02     5.15982394405403e-03
2.98999999999437e+01     1.49913509933017e-01     -3.99126301812334e+00     9.97471173707667e+00     1.37022073950950e-02     4.86850539592010e-02     5.05765258445819e-03
2.99999999999434e+01     1.52390845509757e-01     -3.98697128834492e+00     9.97521247823228e+00     3.46653891718844e-02     3.54400301198179e-02     4.95750435333237e-03
