0   1   1
0.01   1.01   1.01005
0.02   1.02   1.0202
0.03   1.03   1.03045
0.04   1.04   1.04081
0.05   1.05   1.05127
0.06   1.06   1.06183
0.07   1.07   1.0725
0.08   1.08   1.08328
0.09   1.09   1.09417
0.1   1.1   1.10517
0.11   1.11   1.11627
0.12   1.12   1.12749
0.13   1.13   1.13882
0.14   1.14   1.15027
0.15   1.15   1.16183
0.16   1.16   1.1735
0.17   1.17   1.18529
0.18   1.18   1.19721
0.19   1.19   1.20924
0.2   1.2   1.22139
0.21   1.21   1.23367
0.22   1.22   1.24606
0.23   1.23   1.25859
0.24   1.24   1.27123
0.25   1.25   1.28401
0.26   1.26   1.29691
0.27   1.27   1.30995
0.28   1.28   1.32311
0.29   1.29   1.33641
0.3   1.3   1.34984
0.31   1.31   1.3634
0.32   1.32   1.37711
0.33   1.33   1.39095
0.34   1.34   1.40492
0.35   1.35   1.41904
0.36   1.36   1.4333
0.37   1.37   1.44771
0.38   1.38   1.46226
0.39   1.39   1.47695
0.4   1.4   1.49179
0.41   1.41   1.50679
0.42   1.42   1.52193
0.43   1.43   1.53722
0.44   1.44   1.55267
0.45   1.45   1.56828
0.46   1.46   1.58404
0.47   1.47   1.59996
0.48   1.48   1.61604
0.49   1.49   1.63228
0.5   1.5   1.64868
0.51   1.51   1.66525
0.52   1.52   1.68198
0.53   1.53   1.69889
0.54   1.54   1.71596
0.55   1.55   1.73321
0.56   1.56   1.75062
0.57   1.57   1.76822
0.58   1.58   1.78599
0.59   1.59   1.80394
0.6   1.6   1.82206
0.61   1.61   1.84038
0.62   1.62   1.85887
0.63   1.63   1.87755
0.64   1.64   1.89642
0.65   1.65   1.91548
0.66   1.66   1.93473
0.67   1.67   1.95417
0.68   1.68   1.97381
0.69   1.69   1.99365
0.7   1.7   2.01368
0.71   1.71   2.03392
0.72   1.72   2.05436
0.73   1.73   2.075
0.74   1.74   2.09586
0.75   1.75   2.11692
0.76   1.76   2.13819
0.77   1.77   2.15968
0.78   1.78   2.18139
0.79   1.79   2.20331
0.8   1.8   2.22545
0.81   1.81   2.24782
0.82   1.82   2.27041
0.83   1.83   2.29322
0.84   1.84   2.31627
0.85   1.85   2.33955
0.86   1.86   2.36306
0.87   1.87   2.38681
0.88   1.88   2.41079
0.89   1.89   2.43502
0.9   1.9   2.45949
0.91   1.91   2.48421
0.92   1.92   2.50917
0.93   1.93   2.53439
0.94   1.94   2.55986
0.95   1.95   2.58559
0.96   1.96   2.61157
0.97   1.97   2.63782
0.98   1.98   2.66433
0.99   1.99   2.6911
1   2   2.71815
1.01   2.01   2.74546
1.02   2.02   2.77305
1.03   2.03   2.80092
1.04   2.04   2.82907
1.05   2.05   2.8575
1.06   2.06   2.88622
1.07   2.07   2.91522
1.08   2.08   2.94452
1.09   2.09   2.97411
1.1   2.1   3.004
1.11   2.11   3.03419
1.12   2.12   3.06468
1.13   2.13   3.09548
1.14   2.14   3.12659
1.15   2.15   3.15801
1.16   2.16   3.18975
1.17   2.17   3.2218
1.18   2.18   3.25418
1.19   2.19   3.28689
1.2   2.2   3.31992
1.21   2.21   3.35328
1.22   2.22   3.38698
1.23   2.23   3.42102
1.24   2.24   3.4554
1.25   2.25   3.49012
1.26   2.26   3.5252
1.27   2.27   3.56063
1.28   2.28   3.59641
1.29   2.29   3.63255
1.3   2.3   3.66906
1.31   2.31   3.70593
1.32   2.32   3.74317
1.33   2.33   3.78079
1.34   2.34   3.81879
1.35   2.35   3.85717
1.36   2.36   3.89593
1.37   2.37   3.93508
1.38   2.38   3.97463
1.39   2.39   4.01457
1.4   2.4   4.05492
1.41   2.41   4.09567
1.42   2.42   4.13683
1.43   2.43   4.1784
1.44   2.44   4.22039
1.45   2.45   4.26281
1.46   2.46   4.30565
1.47   2.47   4.34892
1.48   2.48   4.39262
1.49   2.49   4.43676
1.5   2.5   4.48135
1.51   2.51   4.52639
1.52   2.52   4.57188
1.53   2.53   4.61782
1.54   2.54   4.66423
1.55   2.55   4.71111
1.56   2.56   4.75845
1.57   2.57   4.80627
1.58   2.58   4.85457
1.59   2.59   4.90336
1.6   2.6   4.95264
1.61   2.61   5.00241
1.62   2.62   5.05268
1.63   2.63   5.10346
1.64   2.64   5.15475
1.65   2.65   5.20655
1.66   2.66   5.25887
1.67   2.67   5.31172
1.68   2.68   5.36511
1.69   2.69   5.41902
1.7   2.7   5.47348
1.71   2.71   5.52849
1.72   2.72   5.58405
1.73   2.73   5.64017
1.74   2.74   5.69685
1.75   2.75   5.7541
1.76   2.76   5.81193
1.77   2.77   5.87033
1.78   2.78   5.92933
1.79   2.79   5.98892
1.8   2.8   6.0491
1.81   2.81   6.10989
1.82   2.82   6.1713
1.83   2.83   6.23332
1.84   2.84   6.29596
1.85   2.85   6.35923
1.86   2.86   6.42314
1.87   2.87   6.48769
1.88   2.88   6.55289
1.89   2.89   6.61874
1.9   2.9   6.68526
1.91   2.91   6.75244
1.92   2.92   6.8203
1.93   2.93   6.88885
1.94   2.94   6.95808
1.95   2.95   7.028
1.96   2.96   7.09863
1.97   2.97   7.16997
1.98   2.98   7.24203
1.99   2.99   7.31481
2   3   7.38832
2.01   3.01   7.46257
2.02   3.02   7.53756
2.03   3.03   7.61331
2.04   3.04   7.68982
2.05   3.05   7.7671
2.06   3.06   7.84516
2.07   3.07   7.924
2.08   3.08   8.00364
2.09   3.09   8.08407
2.1   3.1   8.16531
2.11   3.11   8.24737
2.12   3.12   8.33025
2.13   3.13   8.41397
2.14   3.14   8.49853
2.15   3.15   8.58394
2.16   3.16   8.6702
2.17   3.17   8.75733
2.18   3.18   8.84534
2.19   3.19   8.93423
2.2   3.2   9.02402
2.21   3.21   9.11471
2.22   3.22   9.20631
2.23   3.23   9.29883
2.24   3.24   9.39228
2.25   3.25   9.48667
2.26   3.26   9.58201
2.27   3.27   9.6783
2.28   3.28   9.77557
2.29   3.29   9.87381
2.3   3.3   9.97304
2.31   3.31   10.0733
2.32   3.32   10.1745
2.33   3.33   10.2767
2.34   3.34   10.38
2.35   3.35   10.4843
2.36   3.36   10.5897
2.37   3.37   10.6961
2.38   3.38   10.8036
2.39   3.39   10.9122
2.4   3.4   11.0219
2.41   3.41   11.1326
2.42   3.42   11.2445
2.43   3.43   11.3575
2.44   3.44   11.4716
2.45   3.45   11.5869
2.46   3.46   11.7034
2.47   3.47   11.821
2.48   3.48   11.9398
2.49   3.49   12.0598
2.5   3.5   12.181
2.51   3.51   12.3034
2.52   3.52   12.427
2.53   3.53   12.5519
2.54   3.54   12.6781
2.55   3.55   12.8055
2.56   3.56   12.9342
2.57   3.57   13.0641
2.58   3.58   13.1954
2.59   3.59   13.328
2.6   3.6   13.462
2.61   3.61   13.5973
2.62   3.62   13.7339
2.63   3.63   13.8719
2.64   3.64   14.0114
2.65   3.65   14.1522
2.66   3.66   14.2944
2.67   3.67   14.438
2.68   3.68   14.5831
2.69   3.69   14.7297
2.7   3.7   14.8777
2.71   3.71   15.0272
2.72   3.72   15.1783
2.73   3.73   15.3308
2.74   3.74   15.4849
2.75   3.75   15.6405
2.76   3.76   15.7977
2.77   3.77   15.9564
2.78   3.78   16.1168
2.79   3.79   16.2787
2.8   3.8   16.4423
2.81   3.81   16.6076
2.82   3.82   16.7745
2.83   3.83   16.9431
2.84   3.84   17.1133
2.85   3.85   17.2853
2.86   3.86   17.459
2.87   3.87   17.6345
2.88   3.88   17.8117
2.89   3.89   17.9907
2.9   3.9   18.1715
2.91   3.91   18.3541
2.92   3.92   18.5386
2.93   3.93   18.7249
2.94   3.94   18.9131
2.95   3.95   19.1031
2.96   3.96   19.2951
2.97   3.97   19.489
2.98   3.98   19.6849
2.99   3.99   19.8827
3   4   20.0825
3.01   4.01   20.2843
3.02   4.02   20.4882
3.03   4.03   20.6941
3.04   4.04   20.9021
3.05   4.05   21.1121
3.06   4.06   21.3243
3.07   4.07   21.5386
3.08   4.08   21.7551
3.09   4.09   21.9737
3.1   4.1   22.1945
3.11   4.11   22.4176
3.12   4.12   22.6428
3.13   4.13   22.8704
3.14   4.14   23.1002
3.15   4.15   23.3324
3.16   4.16   23.5669
3.17   4.17   23.8037
3.18   4.18   24.0429
3.19   4.19   24.2846
3.2   4.2   24.5286
3.21   4.21   24.7751
3.22   4.22   25.0241
3.23   4.23   25.2756
3.24   4.24   25.5296
3.25   4.25   25.7861
3.26   4.26   26.0453
3.27   4.27   26.307
3.28   4.28   26.5714
3.29   4.29   26.8384
3.3   4.3   27.1082
3.31   4.31   27.3806
3.32   4.32   27.6558
3.33   4.33   27.9337
3.34   4.34   28.2144
3.35   4.35   28.498
3.36   4.36   28.7844
3.37   4.37   29.0736
3.38   4.38   29.3658
3.39   4.39   29.6609
3.4   4.4   29.959
3.41   4.41   30.2601
3.42   4.42   30.5642
3.43   4.43   30.8713
3.44   4.44   31.1816
3.45   4.45   31.495
3.46   4.46   31.8115
3.47   4.47   32.1312
3.48   4.48   32.4541
3.49   4.49   32.7802
3.5   4.5   33.1097
3.51   4.51   33.4424
3.52   4.52   33.7785
3.53   4.53   34.1179
3.54   4.54   34.4608
3.55   4.55   34.8071
3.56   4.56   35.1569
3.57   4.57   35.5103
3.58   4.58   35.8671
3.59   4.59   36.2276
3.6   4.6   36.5916
3.61   4.61   36.9594
3.62   4.62   37.3308
3.63   4.63   37.706
3.64   4.64   38.0849
3.65   4.65   38.4676
3.66   4.66   38.8542
3.67   4.67   39.2447
3.68   4.68   39.6391
3.69   4.69   40.0375
3.7   4.7   40.4398
3.71   4.71   40.8462
3.72   4.72   41.2567
3.73   4.73   41.6713
3.74   4.74   42.0901
3.75   4.75   42.5131
3.76   4.76   42.9404
3.77   4.77   43.3719
3.78   4.78   43.8078
3.79   4.79   44.248
3.8   4.8   44.6927
3.81   4.81   45.1418
3.82   4.82   45.5955
3.83   4.83   46.0537
3.84   4.84   46.5165
3.85   4.85   46.984
3.86   4.86   47.4562
3.87   4.87   47.9331
3.88   4.88   48.4148
3.89   4.89   48.9014
3.9   4.9   49.3928
3.91   4.91   49.8892
3.92   4.92   50.3906
3.93   4.93   50.897
3.94   4.94   51.4085
3.95   4.95   51.9251
3.96   4.96   52.4469
3.97   4.97   52.974
3.98   4.98   53.5064
3.99   4.99   54.0441
4   5   54.5872
4.01   5.01   55.1358
4.02   5.02   55.6899
4.03   5.03   56.2496
4.04   5.04   56.8149
4.05   5.05   57.3858
4.06   5.06   57.9625
4.07   5.07   58.545
4.08   5.08   59.1334
4.09   5.09   59.7277
4.1   5.1   60.3279
4.11   5.11   60.9342
4.12   5.12   61.5466
4.13   5.13   62.1651
4.14   5.14   62.7898
4.15   5.15   63.4208
4.16   5.16   64.0582
4.17   5.17   64.702
4.18   5.18   65.3522
4.19   5.19   66.009
4.2   5.2   66.6723
4.21   5.21   67.3424
4.22   5.22   68.0191
4.23   5.23   68.7027
4.24   5.24   69.3931
4.25   5.25   70.0905
4.26   5.26   70.7949
4.27   5.27   71.5064
4.28   5.28   72.225
4.29   5.29   72.9508
4.3   5.3   73.684
4.31   5.31   74.4244
4.32   5.32   75.1724
4.33   5.33   75.9278
4.34   5.34   76.6909
4.35   5.35   77.4616
4.36   5.36   78.2401
4.37   5.37   79.0264
4.38   5.38   79.8206
4.39   5.39   80.6227
4.4   5.4   81.433
4.41   5.41   82.2513
4.42   5.42   83.0779
4.43   5.43   83.9128
4.44   5.44   84.7561
4.45   5.45   85.6079
4.46   5.46   86.4682
4.47   5.47   87.3372
4.48   5.48   88.2149
4.49   5.49   89.1014
4.5   5.5   89.9969
4.51   5.51   90.9013
4.52   5.52   91.8148
4.53   5.53   92.7376
4.54   5.54   93.6695
4.55   5.55   94.6109
4.56   5.56   95.5617
4.57   5.57   96.5221
4.58   5.58   97.4921
4.59   5.59   98.4718
4.6   5.6   99.4614
4.61   5.61   100.461
4.62   5.62   101.471
4.63   5.63   102.49
4.64   5.64   103.52
4.65   5.65   104.561
4.66   5.66   105.611
4.67   5.67   106.673
4.68   5.68   107.745
4.69   5.69   108.828
4.7   5.7   109.921
4.71   5.71   111.026
4.72   5.72   112.142
4.73   5.73   113.269
4.74   5.74   114.407
4.75   5.75   115.557
4.76   5.76   116.718
4.77   5.77   117.891
4.78   5.78   119.076
4.79   5.79   120.273
4.8   5.8   121.481
4.81   5.81   122.702
4.82   5.82   123.935
4.83   5.83   125.181
4.84   5.84   126.439
4.85   5.85   127.709
4.86   5.86   128.993
4.87   5.87   130.289
4.88   5.88   131.599
4.89   5.89   132.921
4.9   5.9   134.257
4.91   5.91   135.606
4.92   5.92   136.969
4.93   5.93   138.345
4.94   5.94   139.736
4.95   5.95   141.14
4.96   5.96   142.558
4.97   5.97   143.991
4.98   5.98   145.438
4.99   5.99   146.9
5   6   148.376
5.01   6.01   149.867
5.02   6.02   151.373
5.03   6.03   152.895
5.04   6.04   154.431
5.05   6.05   155.983
5.06   6.06   157.551
5.07   6.07   159.134
5.08   6.08   160.733
5.09   6.09   162.349
5.1   6.1   163.98
5.11   6.11   165.628
5.12   6.12   167.293
5.13   6.13   168.974
5.14   6.14   170.672
5.15   6.15   172.387
5.16   6.16   174.12
5.17   6.17   175.869
5.18   6.18   177.637
5.19   6.19   179.422
5.2   6.2   181.225
5.21   6.21   183.046
5.22   6.22   184.886
5.23   6.23   186.744
5.24   6.24   188.621
5.25   6.25   190.516
5.26   6.26   192.431
5.27   6.27   194.365
5.28   6.28   196.318
5.29   6.29   198.291
5.3   6.3   200.284
5.31   6.31   202.297
5.32   6.32   204.33
5.33   6.33   206.383
5.34   6.34   208.457
5.35   6.35   210.552
5.36   6.36   212.668
5.37   6.37   214.805
5.38   6.38   216.964
5.39   6.39   219.144
5.4   6.4   221.347
5.41   6.41   223.571
5.42   6.42   225.818
5.43   6.43   228.087
5.44   6.44   230.38
5.45   6.45   232.695
5.46   6.46   235.033
5.47   6.47   237.395
5.48   6.48   239.781
5.49   6.49   242.191
5.5   6.5   244.625
5.51   6.51   247.083
5.52   6.52   249.566
5.53   6.53   252.074
5.54   6.54   254.607
5.55   6.55   257.166
5.56   6.56   259.751
5.57   6.57   262.361
5.58   6.58   264.998
5.59   6.59   267.661
5.6   6.6   270.351
5.61   6.61   273.068
5.62   6.62   275.812
5.63   6.63   278.584
5.64   6.64   281.383
5.65   6.65   284.211
5.66   6.66   287.067
5.67   6.67   289.952
5.68   6.68   292.866
5.69   6.69   295.809
5.7   6.7   298.782
5.71   6.71   301.785
5.72   6.72   304.818
5.73   6.73   307.881
5.74   6.74   310.975
5.75   6.75   314.1
5.76   6.76   317.257
5.77   6.77   320.445
5.78   6.78   323.666
5.79   6.79   326.918
5.8   6.8   330.204
5.81   6.81   333.522
5.82   6.82   336.874
5.83   6.83   340.259
5.84   6.84   343.679
5.85   6.85   347.133
5.86   6.86   350.621
5.87   6.87   354.145
5.88   6.88   357.704
5.89   6.89   361.299
5.9   6.9   364.93
5.91   6.91   368.597
5.92   6.92   372.302
5.93   6.93   376.043
5.94   6.94   379.822
5.95   6.95   383.639
5.96   6.96   387.495
5.97   6.97   391.389
5.98   6.98   395.322
5.99   6.99   399.295
6   7   403.308
6.01   7.01   407.361
6.02   7.02   411.455
6.03   7.03   415.59
6.04   7.04   419.766
6.05   7.05   423.985
6.06   7.06   428.246
6.07   7.07   432.549
6.08   7.08   436.896
6.09   7.09   441.287
6.1   7.1   445.722
6.11   7.11   450.201
6.12   7.12   454.726
6.13   7.13   459.295
6.14   7.14   463.911
6.15   7.15   468.573
6.16   7.16   473.282
6.17   7.17   478.039
6.18   7.18   482.843
6.19   7.19   487.695
6.2   7.2   492.596
6.21   7.21   497.547
6.22   7.22   502.547
6.23   7.23   507.597
6.24   7.24   512.699
6.25   7.25   517.851
6.26   7.26   523.055
6.27   7.27   528.312
6.28   7.28   533.621
6.29   7.29   538.984
6.3   7.3   544.4
6.31   7.31   549.871
6.32   7.32   555.397
6.33   7.33   560.979
6.34   7.34   566.617
6.35   7.35   572.311
6.36   7.36   578.063
6.37   7.37   583.872
6.38   7.38   589.74
6.39   7.39   595.666
6.4   7.4   601.652
6.41   7.41   607.699
6.42   7.42   613.806
6.43   7.43   619.975
6.44   7.44   626.205
6.45   7.45   632.498
6.46   7.46   638.855
6.47   7.47   645.275
6.48   7.48   651.76
6.49   7.49   658.31
6.5   7.5   664.926
6.51   7.51   671.608
6.52   7.52   678.357
6.53   7.53   685.174
6.54   7.54   692.06
6.55   7.55   699.015
6.56   7.56   706.04
6.57   7.57   713.136
6.58   7.58   720.302
6.59   7.59   727.541
6.6   7.6   734.853
6.61   7.61   742.238
6.62   7.62   749.697
6.63   7.63   757.231
6.64   7.64   764.841
6.65   7.65   772.527
6.66   7.66   780.291
6.67   7.67   788.133
6.68   7.68   796.053
6.69   7.69   804.053
6.7   7.7   812.134
6.71   7.71   820.295
6.72   7.72   828.539
6.73   7.73   836.866
6.74   7.74   845.276
6.75   7.75   853.771
6.76   7.76   862.351
6.77   7.77   871.017
6.78   7.78   879.77
6.79   7.79   888.612
6.8   7.8   897.542
6.81   7.81   906.562
6.82   7.82   915.673
6.83   7.83   924.875
6.84   7.84   934.17
6.85   7.85   943.558
6.86   7.86   953.04
6.87   7.87   962.618
6.88   7.88   972.292
6.89   7.89   982.063
6.9   7.9   991.932
6.91   7.91   1001.9
6.92   7.92   1011.97
6.93   7.93   1022.14
6.94   7.94   1032.41
6.95   7.95   1042.79
6.96   7.96   1053.27
6.97   7.97   1063.85
6.98   7.98   1074.54
6.99   7.99   1085.34
7   8   1096.25
7.01   8.01   1107.27
7.02   8.02   1118.39
7.03   8.03   1129.63
7.04   8.04   1140.99
7.05   8.05   1152.45
7.06   8.06   1164.03
7.07   8.07   1175.73
7.08   8.08   1187.55
7.09   8.09   1199.48
7.1   8.1   1211.54
7.11   8.11   1223.71
7.12   8.12   1236.01
7.13   8.13   1248.43
7.14   8.14   1260.98
7.15   8.15   1273.65
7.16   8.16   1286.45
7.17   8.17   1299.38
7.18   8.18   1312.44
7.19   8.19   1325.63
7.2   8.2   1338.95
7.21   8.21   1352.4
7.22   8.22   1366
7.23   8.23   1379.72
7.24   8.24   1393.59
7.25   8.25   1407.59
7.26   8.26   1421.74
7.27   8.27   1436.03
7.28   8.28   1450.46
7.29   8.29   1465.04
7.3   8.3   1479.76
7.31   8.31   1494.63
7.32   8.32   1509.65
7.33   8.33   1524.82
7.34   8.34   1540.15
7.35   8.35   1555.62
7.36   8.36   1571.26
7.37   8.37   1587.05
7.38   8.38   1603
7.39   8.39   1619.11
7.4   8.4   1635.38
7.41   8.41   1651.81
7.42   8.42   1668.41
7.43   8.43   1685.18
7.44   8.44   1702.12
7.45   8.45   1719.22
7.46   8.46   1736.5
7.47   8.47   1753.95
7.48   8.48   1771.58
7.49   8.49   1789.38
7.5   8.5   1807.36
7.51   8.51   1825.53
7.52   8.52   1843.87
7.53   8.53   1862.4
7.54   8.54   1881.12
7.55   8.55   1900.03
7.56   8.56   1919.12
7.57   8.57   1938.41
7.58   8.58   1957.89
7.59   8.59   1977.56
7.6   8.6   1997.44
7.61   8.61   2017.51
7.62   8.62   2037.79
7.63   8.63   2058.26
7.64   8.64   2078.95
7.65   8.65   2099.84
7.66   8.66   2120.95
7.67   8.67   2142.26
7.68   8.68   2163.79
7.69   8.69   2185.53
7.7   8.7   2207.5
7.71   8.71   2229.68
7.72   8.72   2252.09
7.73   8.73   2274.72
7.74   8.74   2297.58
7.75   8.75   2320.67
7.76   8.76   2344
7.77   8.77   2367.55
7.78   8.78   2391.34
7.79   8.79   2415.38
7.8   8.8   2439.65
7.81   8.81   2464.17
7.82   8.82   2488.93
7.83   8.83   2513.95
7.84   8.84   2539.21
7.85   8.85   2564.73
7.86   8.86   2590.5
7.87   8.87   2616.54
7.88   8.88   2642.83
7.89   8.89   2669.39
7.9   8.9   2696.22
7.91   8.91   2723.31
7.92   8.92   2750.68
7.93   8.93   2778.33
7.94   8.94   2806.25
7.95   8.95   2834.45
7.96   8.96   2862.93
7.97   8.97   2891.7
7.98   8.98   2920.77
7.99   8.99   2950.12
8   9   2979.77
8.01   9.01   3009.71
8.02   9.02   3039.96
8.03   9.03   3070.51
8.04   9.04   3101.37
8.05   9.05   3132.53
8.06   9.06   3164.01
8.07   9.07   3195.81
8.08   9.08   3227.93
8.09   9.09   3260.37
8.1   9.1   3293.13
8.11   9.11   3326.23
8.12   9.12   3359.66
8.13   9.13   3393.42
8.14   9.14   3427.52
8.15   9.15   3461.97
8.16   9.16   3496.76
8.17   9.17   3531.9
8.18   9.18   3567.4
8.19   9.19   3603.25
8.2   9.2   3639.46
8.21   9.21   3676.03
8.22   9.22   3712.98
8.23   9.23   3750.29
8.24   9.24   3787.98
8.25   9.25   3826.05
8.26   9.26   3864.5
8.27   9.27   3903.33
8.28   9.28   3942.56
8.29   9.29   3982.18
8.3   9.3   4022.2
8.31   9.31   4062.62
8.32   9.32   4103.45
8.33   9.33   4144.69
8.34   9.34   4186.34
8.35   9.35   4228.42
8.36   9.36   4270.91
8.37   9.37   4313.83
8.38   9.38   4357.18
8.39   9.39   4400.97
8.4   9.4   4445.2
8.41   9.41   4489.87
8.42   9.42   4534.99
8.43   9.43   4580.57
8.44   9.44   4626.6
8.45   9.45   4673.1
8.46   9.46   4720.06
8.47   9.47   4767.5
8.48   9.48   4815.41
8.49   9.49   4863.8
8.5   9.5   4912.68
8.51   9.51   4962.05
8.52   9.52   5011.92
8.53   9.53   5062.29
8.54   9.54   5113.16
8.55   9.55   5164.55
8.56   9.56   5216.45
8.57   9.57   5268.87
8.58   9.58   5321.82
8.59   9.59   5375.3
8.6   9.6   5429.32
8.61   9.61   5483.89
8.62   9.62   5539
8.63   9.63   5594.66
8.64   9.64   5650.89
8.65   9.65   5707.68
8.66   9.66   5765.04
8.67   9.67   5822.97
8.68   9.68   5881.49
8.69   9.69   5940.6
8.7   9.7   6000.3
8.71   9.71   6060.6
8.72   9.72   6121.51
8.73   9.73   6183.03
8.74   9.74   6245.17
8.75   9.75   6307.93
8.76   9.76   6371.32
8.77   9.77   6435.35
8.78   9.78   6500.02
8.79   9.79   6565.35
8.8   9.8   6631.33
8.81   9.81   6697.97
8.82   9.82   6765.28
8.83   9.83   6833.27
8.84   9.84   6901.94
8.85   9.85   6971.3
8.86   9.86   7041.36
8.87   9.87   7112.13
8.88   9.88   7183.6
8.89   9.89   7255.79
8.9   9.9   7328.71
8.91   9.91   7402.36
8.92   9.92   7476.75
8.93   9.93   7551.89
8.94   9.94   7627.79
8.95   9.95   7704.44
8.96   9.96   7781.87
8.97   9.97   7860.08
8.98   9.98   7939.07
8.99   9.99   8018.85
9   10   8099.44
9.01   10.01   8180.84
9.02   10.02   8263.05
9.03   10.03   8346.09
9.04   10.04   8429.97
9.05   10.05   8514.68
9.06   10.06   8600.25
9.07   10.07   8686.68
9.08   10.08   8773.98
9.09   10.09   8862.16
9.1   10.1   8951.22
9.11   10.11   9041.18
9.12   10.12   9132.04
9.13   10.13   9223.81
9.14   10.14   9316.51
9.15   10.15   9410.13
9.16   10.16   9504.7
9.17   10.17   9600.22
9.18   10.18   9696.7
9.19   10.19   9794.15
9.2   10.2   9892.58
9.21   10.21   9991.99
9.22   10.22   10092.4
9.23   10.23   10193.8
9.24   10.24   10296.3
9.25   10.25   10399.8
9.26   10.26   10504.3
9.27   10.27   10609.8
9.28   10.28   10716.5
9.29   10.29   10824.2
9.3   10.3   10932.9
9.31   10.31   11042.8
9.32   10.32   11153.8
9.33   10.33   11265.9
9.34   10.34   11379.1
9.35   10.35   11493.4
9.36   10.36   11609
9.37   10.37   11725.6
9.38   10.38   11843.5
9.39   10.39   11962.5
9.4   10.4   12082.7
9.41   10.41   12204.1
9.42   10.42   12326.8
9.43   10.43   12450.7
9.44   10.44   12575.8
9.45   10.45   12702.2
9.46   10.46   12829.8
9.47   10.47   12958.8
9.48   10.48   13089
9.49   10.49   13220.5
9.5   10.5   13353.4
9.51   10.51   13487.6
9.52   10.52   13623.1
9.53   10.53   13760
9.54   10.54   13898.3
9.55   10.55   14038
9.56   10.56   14179.1
9.57   10.57   14321.6
9.58   10.58   14465.5
9.59   10.59   14610.9
9.6   10.6   14757.7
9.61   10.61   14906
9.62   10.62   15055.8
9.63   10.63   15207.1
9.64   10.64   15359.9
9.65   10.65   15514.3
9.66   10.66   15670.2
9.67   10.67   15827.7
9.68   10.68   15986.8
9.69   10.69   16147.4
9.7   10.7   16309.7
9.71   10.71   16473.6
9.72   10.72   16639.2
9.73   10.73   16806.4
9.74   10.74   16975.3
9.75   10.75   17145.9
9.76   10.76   17318.2
9.77   10.77   17492.2
9.78   10.78   17668
9.79   10.79   17845.6
9.8   10.8   18024.9
9.81   10.81   18206.1
9.82   10.82   18389
9.83   10.83   18573.8
9.84   10.84   18760.5
9.85   10.85   18949
9.86   10.86   19139.5
9.87   10.87   19331.8
9.88   10.88   19526.1
9.89   10.89   19722.3
9.9   10.9   19920.5
9.91   10.91   20120.7
9.92   10.92   20322.9
9.93   10.93   20527.1
9.94   10.94   20733.4
9.95   10.95   20941.8
9.96   10.96   21152.3
9.97   10.97   21364.8
9.98   10.98   21579.5
9.99   10.99   21796.4
10   11   22015.5
10.01   11.01   22236.7
10.02   11.02   22460.2
10.03   11.03   22685.9
10.04   11.04   22913.9
10.05   11.05   23144.2
10.06   11.06   23376.7
10.07   11.07   23611.7
10.08   11.08   23849
10.09   11.09   24088.6
10.1   11.1   24330.7
10.11   11.11   24575.2
10.12   11.12   24822.2
10.13   11.13   25071.7
10.14   11.14   25323.6
10.15   11.15   25578.1
10.16   11.16   25835.2
10.17   11.17   26094.8
10.18   11.18   26357
10.19   11.19   26621.9
10.2   11.2   26889.5
10.21   11.21   27159.7
10.22   11.22   27432.6
10.23   11.23   27708.3
10.24   11.24   27986.8
10.25   11.25   28268.1
10.26   11.26   28552.1
10.27   11.27   28839.1
10.28   11.28   29128.9
10.29   11.29   29421.6
10.3   11.3   29717.3
10.31   11.31   30016
10.32   11.32   30317.6
10.33   11.33   30622.3
10.34   11.34   30930
10.35   11.35   31240.9
10.36   11.36   31554.8
10.37   11.37   31871.9
10.38   11.38   32192.3
10.39   11.39   32515.8
10.4   11.4   32842.5
10.41   11.41   33172.6
10.42   11.42   33506
10.43   11.43   33842.7
10.44   11.44   34182.8
10.45   11.45   34526.3
10.46   11.46   34873.3
10.47   11.47   35223.8
10.48   11.48   35577.8
10.49   11.49   35935.3
10.5   11.5   36296.4
10.51   11.51   36661.2
10.52   11.52   37029.6
10.53   11.53   37401.8
10.54   11.54   37777.7
10.55   11.55   38157.3
10.56   11.56   38540.8
10.57   11.57   38928.1
10.58   11.58   39319.3
10.59   11.59   39714.5
10.6   11.6   40113.6
10.61   11.61   40516.7
10.62   11.62   40923.9
10.63   11.63   41335.2
10.64   11.64   41750.6
10.65   11.65   42170.1
10.66   11.66   42593.9
10.67   11.67   43022
10.68   11.68   43454.3
10.69   11.69   43891
10.7   11.7   44332.1
10.71   11.71   44777.7
10.72   11.72   45227.7
10.73   11.73   45682.2
10.74   11.74   46141.3
10.75   11.75   46605
10.76   11.76   47073.3
10.77   11.77   47546.4
10.78   11.78   48024.2
10.79   11.79   48506.9
10.8   11.8   48994.3
10.81   11.81   49486.7
10.82   11.82   49984
10.83   11.83   50486.4
10.84   11.84   50993.7
10.85   11.85   51506.2
10.86   11.86   52023.8
10.87   11.87   52546.6
10.88   11.88   53074.7
10.89   11.89   53608.1
10.9   11.9   54146.8
10.91   11.91   54691
10.92   11.92   55240.6
10.93   11.93   55795.8
10.94   11.94   56356.5
10.95   11.95   56922.9
10.96   11.96   57494.9
10.97   11.97   58072.7
10.98   11.98   58656.3
10.99   11.99   59245.8
11   12   59841.2
11.01   12.01   60442.6
11.02   12.02   61050
11.03   12.03   61663.6
11.04   12.04   62283.3
11.05   12.05   62909.2
11.06   12.06   63541.4
11.07   12.07   64180
11.08   12.08   64825
11.09   12.09   65476.4
11.1   12.1   66134.4
11.11   12.11   66799.1
11.12   12.12   67470.4
11.13   12.13   68148.4
11.14   12.14   68833.3
11.15   12.15   69525.1
11.16   12.16   70223.8
11.17   12.17   70929.5
11.18   12.18   71642.3
11.19   12.19   72362.3
11.2   12.2   73089.5
11.21   12.21   73824
11.22   12.22   74565.9
11.23   12.23   75315.3
11.24   12.24   76072.2
11.25   12.25   76836.7
11.26   12.26   77608.9
11.27   12.27   78388.8
11.28   12.28   79176.6
11.29   12.29   79972.3
11.3   12.3   80776
11.31   12.31   81587.8
11.32   12.32   82407.7
11.33   12.33   83235.9
11.34   12.34   84072.4
11.35   12.35   84917.3
11.36   12.36   85770.6
11.37   12.37   86632.6
11.38   12.38   87503.2
11.39   12.39   88382.6
11.4   12.4   89270.8
11.41   12.41   90168
11.42   12.42   91074.1
11.43   12.43   91989.4
11.44   12.44   92913.9
11.45   12.45   93847.6
11.46   12.46   94790.7
11.47   12.47   95743.4
11.48   12.48   96705.5
11.49   12.49   97677.4
11.5   12.5   98659
11.51   12.51   99650.5
11.52   12.52   100652
11.53   12.53   101663
11.54   12.54   102685
11.55   12.55   103717
11.56   12.56   104759
11.57   12.57   105812
11.58   12.58   106876
11.59   12.59   107950
11.6   12.6   109035
11.61   12.61   110130
11.62   12.62   111237
11.63   12.63   112355
11.64   12.64   113484
11.65   12.65   114625
11.66   12.66   115777
11.67   12.67   116940
11.68   12.68   118115
11.69   12.69   119302
11.7   12.7   120501
11.71   12.71   121712
11.72   12.72   122935
11.73   12.73   124171
11.74   12.74   125419
11.75   12.75   126679
11.76   12.76   127952
11.77   12.77   129238
11.78   12.78   130537
11.79   12.79   131849
11.8   12.8   133174
11.81   12.81   134512
11.82   12.82   135864
11.83   12.83   137229
11.84   12.84   138608
11.85   12.85   140001
11.86   12.86   141408
11.87   12.87   142829
11.88   12.88   144265
11.89   12.89   145715
11.9   12.9   147179
11.91   12.91   148658
11.92   12.92   150152
11.93   12.93   151661
11.94   12.94   153185
11.95   12.95   154725
11.96   12.96   156280
11.97   12.97   157850
11.98   12.98   159437
11.99   12.99   161039
12   13   162657
12.01   13.01   164292
12.02   13.02   165943
12.03   13.03   167611
12.04   13.04   169295
12.05   13.05   170996
12.06   13.06   172715
12.07   13.07   174451
12.08   13.08   176204
12.09   13.09   177974
12.1   13.1   179763
12.11   13.11   181570
12.12   13.12   183394
12.13   13.13   185237
12.14   13.14   187099
12.15   13.15   188979
12.16   13.16   190878
12.17   13.17   192797
12.18   13.18   194734
12.19   13.19   196691
12.2   13.2   198668
12.21   13.21   200664
12.22   13.22   202681
12.23   13.23   204718
12.24   13.24   206775
12.25   13.25   208853
12.26   13.26   210952
12.27   13.27   213072
12.28   13.28   215214
12.29   13.29   217376
12.3   13.3   219561
12.31   13.31   221767
12.32   13.32   223996
12.33   13.33   226247
12.34   13.34   228521
12.35   13.35   230817
12.36   13.36   233137
12.37   13.37   235480
12.38   13.38   237847
12.39   13.39   240237
12.4   13.4   242651
12.41   13.41   245090
12.42   13.42   247553
12.43   13.43   250041
12.44   13.44   252553
12.45   13.45   255091
12.46   13.46   257655
12.47   13.47   260244
12.48   13.48   262860
12.49   13.49   265501
12.5   13.5   268170
12.51   13.51   270865
12.52   13.52   273587
12.53   13.53   276336
12.54   13.54   279113
12.55   13.55   281918
12.56   13.56   284751
12.57   13.57   287613
12.58   13.58   290504
12.59   13.59   293423
12.6   13.6   296372
12.61   13.61   299350
12.62   13.62   302359
12.63   13.63   305397
12.64   13.64   308466
12.65   13.65   311566
12.66   13.66   314697
12.67   13.67   317860
12.68   13.68   321054
12.69   13.69   324281
12.7   13.7   327540
12.71   13.71   330832
12.72   13.72   334156
12.73   13.73   337514
12.74   13.74   340906
12.75   13.75   344332
12.76   13.76   347793
12.77   13.77   351288
12.78   13.78   354818
12.79   13.79   358384
12.8   13.8   361986
12.81   13.81   365624
12.82   13.82   369298
12.83   13.83   373009
12.84   13.84   376758
12.85   13.85   380544
12.86   13.86   384369
12.87   13.87   388231
12.88   13.88   392133
12.89   13.89   396074
12.9   13.9   400054
12.91   13.91   404074
12.92   13.92   408135
12.93   13.93   412237
12.94   13.94   416380
12.95   13.95   420564
12.96   13.96   424791
12.97   13.97   429060
12.98   13.98   433372
12.99   13.99   437727
13   14   442126
13.01   14.01   446569
13.02   14.02   451057
13.03   14.03   455590
13.04   14.04   460169
13.05   14.05   464793
13.06   14.06   469464
13.07   14.07   474182
13.08   14.08   478947
13.09   14.09   483761
13.1   14.1   488622
13.11   14.11   493533
13.12   14.12   498493
13.13   14.13   503502
13.14   14.14   508562
13.15   14.15   513673
13.16   14.16   518835
13.17   14.17   524050
13.18   14.18   529316
13.19   14.19   534636
13.2   14.2   540008
13.21   14.21   545435
13.22   14.22   550917
13.23   14.23   556453
13.24   14.24   562045
13.25   14.25   567694
13.26   14.26   573399
13.27   14.27   579161
13.28   14.28   584982
13.29   14.29   590861
13.3   14.3   596799
13.31   14.31   602796
13.32   14.32   608854
13.33   14.33   614973
13.34   14.34   621153
13.35   14.35   627396
13.36   14.36   633701
13.37   14.37   640069
13.38   14.38   646502
13.39   14.39   652999
13.4   14.4   659561
13.41   14.41   666190
13.42   14.42   672885
13.43   14.43   679647
13.44   14.44   686477
13.45   14.45   693376
13.46   14.46   700344
13.47   14.47   707382
13.48   14.48   714491
13.49   14.49   721672
13.5   14.5   728924
13.51   14.51   736250
13.52   14.52   743649
13.53   14.53   751122
13.54   14.54   758671
13.55   14.55   766295
13.56   14.56   773996
13.57   14.57   781774
13.58   14.58   789631
13.59   14.59   797567
13.6   14.6   805582
13.61   14.61   813678
13.62   14.62   821855
13.63   14.63   830114
13.64   14.64   838457
13.65   14.65   846883
13.66   14.66   855394
13.67   14.67   863990
13.68   14.68   872673
13.69   14.69   881443
13.7   14.7   890301
13.71   14.71   899248
13.72   14.72   908286
13.73   14.73   917413
13.74   14.74   926633
13.75   14.75   935946
13.76   14.76   945351
13.77   14.77   954852
13.78   14.78   964448
13.79   14.79   974140
13.8   14.8   983930
13.81   14.81   993818
13.82   14.82   1.00381e+06
13.83   14.83   1.01389e+06
13.84   14.84   1.02408e+06
13.85   14.85   1.03437e+06
13.86   14.86   1.04477e+06
13.87   14.87   1.05527e+06
13.88   14.88   1.06587e+06
13.89   14.89   1.07659e+06
13.9   14.9   1.08741e+06
13.91   14.91   1.09833e+06
13.92   14.92   1.10937e+06
13.93   14.93   1.12052e+06
13.94   14.94   1.13178e+06
13.95   14.95   1.14316e+06
13.96   14.96   1.15464e+06
13.97   14.97   1.16625e+06
13.98   14.98   1.17797e+06
13.99   14.99   1.18981e+06
14   15   1.20176e+06
14.01   15.01   1.21384e+06
14.02   15.02   1.22604e+06
14.03   15.03   1.23836e+06
14.04   15.04   1.25081e+06
14.05   15.05   1.26338e+06
14.06   15.06   1.27607e+06
14.07   15.07   1.2889e+06
14.08   15.08   1.30185e+06
14.09   15.09   1.31493e+06
14.1   15.1   1.32815e+06
14.11   15.11   1.34149e+06
14.12   15.12   1.35498e+06
14.13   15.13   1.36859e+06
14.14   15.14   1.38235e+06
14.15   15.15   1.39624e+06
14.16   15.16   1.41027e+06
14.17   15.17   1.42444e+06
14.18   15.18   1.43876e+06
14.19   15.19   1.45322e+06
14.2   15.2   1.46782e+06
14.21   15.21   1.48257e+06
14.22   15.22   1.49747e+06
14.23   15.23   1.51252e+06
14.24   15.24   1.52772e+06
14.25   15.25   1.54307e+06
14.26   15.26   1.55858e+06
14.27   15.27   1.57425e+06
14.28   15.28   1.59007e+06
14.29   15.29   1.60605e+06
14.3   15.3   1.62219e+06
14.31   15.31   1.63849e+06
14.32   15.32   1.65495e+06
14.33   15.33   1.67159e+06
14.34   15.34   1.68839e+06
14.35   15.35   1.70535e+06
14.36   15.36   1.72249e+06
14.37   15.37   1.7398e+06
14.38   15.38   1.75729e+06
14.39   15.39   1.77495e+06
14.4   15.4   1.79278e+06
14.41   15.41   1.8108e+06
14.42   15.42   1.829e+06
14.43   15.43   1.84738e+06
14.44   15.44   1.86594e+06
14.45   15.45   1.8847e+06
14.46   15.46   1.90364e+06
14.47   15.47   1.92277e+06
14.48   15.48   1.94209e+06
14.49   15.49   1.96161e+06
14.5   15.5   1.98132e+06
14.51   15.51   2.00123e+06
14.52   15.52   2.02135e+06
14.53   15.53   2.04166e+06
14.54   15.54   2.06218e+06
14.55   15.55   2.0829e+06
14.56   15.56   2.10383e+06
14.57   15.57   2.12498e+06
14.58   15.58   2.14633e+06
14.59   15.59   2.1679e+06
14.6   15.6   2.18969e+06
14.61   15.61   2.21169e+06
14.62   15.62   2.23392e+06
14.63   15.63   2.25637e+06
14.64   15.64   2.27905e+06
14.65   15.65   2.30195e+06
14.66   15.66   2.32508e+06
14.67   15.67   2.34845e+06
14.68   15.68   2.37205e+06
14.69   15.69   2.39589e+06
14.7   15.7   2.41997e+06
14.71   15.71   2.44429e+06
14.72   15.72   2.46885e+06
14.73   15.73   2.49366e+06
14.74   15.74   2.51872e+06
14.75   15.75   2.54404e+06
14.76   15.76   2.5696e+06
14.77   15.77   2.59543e+06
14.78   15.78   2.62151e+06
14.79   15.79   2.64786e+06
14.8   15.8   2.67447e+06
14.81   15.81   2.70134e+06
14.82   15.82   2.72849e+06
14.83   15.83   2.75591e+06
14.84   15.84   2.78361e+06
14.85   15.85   2.81158e+06
14.86   15.86   2.83984e+06
14.87   15.87   2.86838e+06
14.88   15.88   2.8972e+06
14.89   15.89   2.92632e+06
14.9   15.9   2.95573e+06
14.91   15.91   2.98543e+06
14.92   15.92   3.01543e+06
14.93   15.93   3.04574e+06
14.94   15.94   3.07635e+06
14.95   15.95   3.10726e+06
14.96   15.96   3.13849e+06
14.97   15.97   3.17003e+06
14.98   15.98   3.20189e+06
14.99   15.99   3.23407e+06
15   16   3.26657e+06
15.01   16.01   3.29939e+06
15.02   16.02   3.33255e+06
15.03   16.03   3.36604e+06
15.04   16.04   3.39987e+06
15.05   16.05   3.43404e+06
15.06   16.06   3.46855e+06
15.07   16.07   3.50341e+06
15.08   16.08   3.53862e+06
15.09   16.09   3.57418e+06
15.1   16.1   3.6101e+06
15.11   16.11   3.64638e+06
15.12   16.12   3.68302e+06
15.13   16.13   3.72003e+06
15.14   16.14   3.75742e+06
15.15   16.15   3.79518e+06
15.16   16.16   3.83332e+06
15.17   16.17   3.87184e+06
15.18   16.18   3.91076e+06
15.19   16.19   3.95006e+06
15.2   16.2   3.98975e+06
15.21   16.21   4.02985e+06
15.22   16.22   4.07035e+06
15.23   16.23   4.11125e+06
15.24   16.24   4.15257e+06
15.25   16.25   4.1943e+06
15.26   16.26   4.23645e+06
15.27   16.27   4.27903e+06
15.28   16.28   4.32203e+06
15.29   16.29   4.36547e+06
15.3   16.3   4.40934e+06
15.31   16.31   4.45365e+06
15.32   16.32   4.49841e+06
15.33   16.33   4.54362e+06
15.34   16.34   4.58928e+06
15.35   16.35   4.6354e+06
15.36   16.36   4.68198e+06
15.37   16.37   4.72903e+06
15.38   16.38   4.77656e+06
15.39   16.39   4.82456e+06
15.4   16.4   4.87305e+06
15.41   16.41   4.92202e+06
15.42   16.42   4.97148e+06
15.43   16.43   5.02145e+06
15.44   16.44   5.07191e+06
15.45   16.45   5.12288e+06
15.46   16.46   5.17436e+06
15.47   16.47   5.22636e+06
15.48   16.48   5.27889e+06
15.49   16.49   5.33194e+06
15.5   16.5   5.38552e+06
15.51   16.51   5.43965e+06
15.52   16.52   5.49431e+06
15.53   16.53   5.54953e+06
15.54   16.54   5.6053e+06
15.55   16.55   5.66163e+06
15.56   16.56   5.71853e+06
15.57   16.57   5.776e+06
15.58   16.58   5.83404e+06
15.59   16.59   5.89267e+06
15.6   16.6   5.95189e+06
15.61   16.61   6.01171e+06
15.62   16.62   6.07212e+06
15.63   16.63   6.13315e+06
15.64   16.64   6.19478e+06
15.65   16.65   6.25704e+06
15.66   16.66   6.31992e+06
15.67   16.67   6.38343e+06
15.68   16.68   6.44758e+06
15.69   16.69   6.51238e+06
15.7   16.7   6.57783e+06
15.71   16.71   6.64393e+06
15.72   16.72   6.7107e+06
15.73   16.73   6.77814e+06
15.74   16.74   6.84626e+06
15.75   16.75   6.91506e+06
15.76   16.76   6.98456e+06
15.77   16.77   7.05475e+06
15.78   16.78   7.12565e+06
15.79   16.79   7.19726e+06
15.8   16.8   7.26959e+06
15.81   16.81   7.34264e+06
15.82   16.82   7.41644e+06
15.83   16.83   7.49097e+06
15.84   16.84   7.56625e+06
15.85   16.85   7.64229e+06
15.86   16.86   7.71909e+06
15.87   16.87   7.79666e+06
15.88   16.88   7.87502e+06
15.89   16.89   7.95416e+06
15.9   16.9   8.0341e+06
15.91   16.91   8.11484e+06
15.92   16.92   8.19639e+06
15.93   16.93   8.27876e+06
15.94   16.94   8.36196e+06
15.95   16.95   8.44599e+06
15.96   16.96   8.53087e+06
15.97   16.97   8.6166e+06
15.98   16.98   8.7032e+06
15.99   16.99   8.79066e+06
16   17   8.879e+06
16.01   17.01   8.96824e+06
16.02   17.02   9.05836e+06
16.03   17.03   9.1494e+06
16.04   17.04   9.24135e+06
16.05   17.05   9.33422e+06
16.06   17.06   9.42802e+06
16.07   17.07   9.52277e+06
16.08   17.08   9.61847e+06
16.09   17.09   9.71514e+06
16.1   17.1   9.81277e+06
16.11   17.11   9.91138e+06
16.12   17.12   1.0011e+07
16.13   17.13   1.01116e+07
16.14   17.14   1.02132e+07
16.15   17.15   1.03159e+07
16.16   17.16   1.04195e+07
16.17   17.17   1.05242e+07
16.18   17.18   1.063e+07
16.19   17.19   1.07368e+07
16.2   17.2   1.08447e+07
16.21   17.21   1.09537e+07
16.22   17.22   1.10638e+07
16.23   17.23   1.1175e+07
16.24   17.24   1.12873e+07
16.25   17.25   1.14007e+07
16.26   17.26   1.15153e+07
16.27   17.27   1.1631e+07
16.28   17.28   1.17479e+07
16.29   17.29   1.1866e+07
16.3   17.3   1.19852e+07
16.31   17.31   1.21057e+07
16.32   17.32   1.22273e+07
16.33   17.33   1.23502e+07
16.34   17.34   1.24743e+07
16.35   17.35   1.25997e+07
16.36   17.36   1.27263e+07
16.37   17.37   1.28542e+07
16.38   17.38   1.29834e+07
16.39   17.39   1.31139e+07
16.4   17.4   1.32457e+07
16.41   17.41   1.33788e+07
16.42   17.42   1.35132e+07
16.43   17.43   1.3649e+07
16.44   17.44   1.37862e+07
16.45   17.45   1.39247e+07
16.46   17.46   1.40647e+07
16.47   17.47   1.4206e+07
16.48   17.48   1.43488e+07
16.49   17.49   1.4493e+07
16.5   17.5   1.46386e+07
16.51   17.51   1.47858e+07
16.52   17.52   1.49343e+07
16.53   17.53   1.50844e+07
16.54   17.54   1.5236e+07
16.55   17.55   1.53891e+07
16.56   17.56   1.55438e+07
16.57   17.57   1.57e+07
16.58   17.58   1.58578e+07
16.59   17.59   1.60171e+07
16.6   17.6   1.61781e+07
16.61   17.61   1.63407e+07
16.62   17.62   1.65049e+07
16.63   17.63   1.66708e+07
16.64   17.64   1.68383e+07
16.65   17.65   1.70075e+07
16.66   17.66   1.71785e+07
16.67   17.67   1.73511e+07
16.68   17.68   1.75255e+07
16.69   17.69   1.77016e+07
16.7   17.7   1.78795e+07
16.71   17.71   1.80592e+07
16.72   17.72   1.82407e+07
16.73   17.73   1.8424e+07
16.74   17.74   1.86091e+07
16.75   17.75   1.87961e+07
16.76   17.76   1.8985e+07
16.77   17.77   1.91758e+07
16.78   17.78   1.93685e+07
16.79   17.79   1.95632e+07
16.8   17.8   1.97598e+07
16.81   17.81   1.99584e+07
16.82   17.82   2.0159e+07
16.83   17.83   2.03615e+07
16.84   17.84   2.05662e+07
16.85   17.85   2.07729e+07
16.86   17.86   2.09816e+07
16.87   17.87   2.11925e+07
16.88   17.88   2.14054e+07
16.89   17.89   2.16206e+07
16.9   17.9   2.18378e+07
16.91   17.91   2.20573e+07
16.92   17.92   2.2279e+07
16.93   17.93   2.25029e+07
16.94   17.94   2.2729e+07
16.95   17.95   2.29574e+07
16.96   17.96   2.31882e+07
16.97   17.97   2.34212e+07
16.98   17.98   2.36566e+07
16.99   17.99   2.38943e+07
17   18   2.41344e+07
17.01   18.01   2.4377e+07
17.02   18.02   2.4622e+07
17.03   18.03   2.48694e+07
17.04   18.04   2.51193e+07
17.05   18.05   2.53718e+07
17.06   18.06   2.56267e+07
17.07   18.07   2.58843e+07
17.08   18.08   2.61444e+07
17.09   18.09   2.64072e+07
17.1   18.1   2.66725e+07
17.11   18.11   2.69406e+07
17.12   18.12   2.72113e+07
17.13   18.13   2.74848e+07
17.14   18.14   2.7761e+07
17.15   18.15   2.804e+07
17.16   18.16   2.83218e+07
17.17   18.17   2.86064e+07
17.18   18.18   2.88939e+07
17.19   18.19   2.91843e+07
17.2   18.2   2.94776e+07
17.21   18.21   2.97738e+07
17.22   18.22   3.0073e+07
17.23   18.23   3.03752e+07
17.24   18.24   3.06805e+07
17.25   18.25   3.09888e+07
17.26   18.26   3.13003e+07
17.27   18.27   3.16148e+07
17.28   18.28   3.19325e+07
17.29   18.29   3.22534e+07
17.3   18.3   3.25776e+07
17.31   18.31   3.2905e+07
17.32   18.32   3.32357e+07
17.33   18.33   3.35697e+07
17.34   18.34   3.3907e+07
17.35   18.35   3.42478e+07
17.36   18.36   3.4592e+07
17.37   18.37   3.49396e+07
17.38   18.38   3.52907e+07
17.39   18.39   3.56454e+07
17.4   18.4   3.60036e+07
17.41   18.41   3.63654e+07
17.42   18.42   3.67309e+07
17.43   18.43   3.71e+07
17.44   18.44   3.74729e+07
17.45   18.45   3.78495e+07
17.46   18.46   3.82298e+07
17.47   18.47   3.8614e+07
17.48   18.48   3.90021e+07
17.49   18.49   3.93941e+07
17.5   18.5   3.979e+07
17.51   18.51   4.01898e+07
17.52   18.52   4.05937e+07
17.53   18.53   4.10017e+07
17.54   18.54   4.14137e+07
17.55   18.55   4.18299e+07
17.56   18.56   4.22503e+07
17.57   18.57   4.26749e+07
17.58   18.58   4.31038e+07
17.59   18.59   4.35369e+07
17.6   18.6   4.39745e+07
17.61   18.61   4.44164e+07
17.62   18.62   4.48628e+07
17.63   18.63   4.53136e+07
17.64   18.64   4.5769e+07
17.65   18.65   4.6229e+07
17.66   18.66   4.66936e+07
17.67   18.67   4.71628e+07
17.68   18.68   4.76368e+07
17.69   18.69   4.81155e+07
17.7   18.7   4.85991e+07
17.71   18.71   4.90875e+07
17.72   18.72   4.95808e+07
17.73   18.73   5.00791e+07
17.74   18.74   5.05823e+07
17.75   18.75   5.10907e+07
17.76   18.76   5.16041e+07
17.77   18.77   5.21227e+07
17.78   18.78   5.26465e+07
17.79   18.79   5.31756e+07
17.8   18.8   5.371e+07
17.81   18.81   5.42498e+07
17.82   18.82   5.4795e+07
17.83   18.83   5.53456e+07
17.84   18.84   5.59019e+07
17.85   18.85   5.64636e+07
17.86   18.86   5.70311e+07
17.87   18.87   5.76042e+07
17.88   18.88   5.81831e+07
17.89   18.89   5.87679e+07
17.9   18.9   5.93585e+07
17.91   18.91   5.9955e+07
17.92   18.92   6.05575e+07
17.93   18.93   6.11661e+07
17.94   18.94   6.17808e+07
17.95   18.95   6.24017e+07
17.96   18.96   6.30288e+07
17.97   18.97   6.36622e+07
17.98   18.98   6.4302e+07
17.99   18.99   6.49482e+07
18   19   6.56009e+07
18.01   19.01   6.62602e+07
18.02   19.02   6.69261e+07
18.03   19.03   6.75986e+07
18.04   19.04   6.8278e+07
18.05   19.05   6.89642e+07
18.06   19.06   6.96572e+07
18.07   19.07   7.03573e+07
18.08   19.08   7.10643e+07
18.09   19.09   7.17785e+07
18.1   19.1   7.24999e+07
18.11   19.11   7.32284e+07
18.12   19.12   7.39644e+07
18.13   19.13   7.47077e+07
18.14   19.14   7.54585e+07
18.15   19.15   7.62168e+07
18.16   19.16   7.69828e+07
18.17   19.17   7.77564e+07
18.18   19.18   7.85378e+07
18.19   19.19   7.93271e+07
18.2   19.2   8.01243e+07
18.21   19.21   8.09295e+07
18.22   19.22   8.17429e+07
18.23   19.23   8.25644e+07
18.24   19.24   8.33941e+07
18.25   19.25   8.42322e+07
18.26   19.26   8.50787e+07
18.27   19.27   8.59337e+07
18.28   19.28   8.67973e+07
18.29   19.29   8.76696e+07
18.3   19.3   8.85506e+07
18.31   19.31   8.94405e+07
18.32   19.32   9.03394e+07
18.33   19.33   9.12473e+07
18.34   19.34   9.21643e+07
18.35   19.35   9.30905e+07
18.36   19.36   9.4026e+07
18.37   19.37   9.49709e+07
18.38   19.38   9.59254e+07
18.39   19.39   9.68894e+07
18.4   19.4   9.78631e+07
18.41   19.41   9.88466e+07
18.42   19.42   9.984e+07
18.43   19.43   1.00843e+08
18.44   19.44   1.01857e+08
18.45   19.45   1.0288e+08
18.46   19.46   1.03914e+08
18.47   19.47   1.04959e+08
18.48   19.48   1.06013e+08
18.49   19.49   1.07079e+08
18.5   19.5   1.08155e+08
18.51   19.51   1.09242e+08
18.52   19.52   1.1034e+08
18.53   19.53   1.11449e+08
18.54   19.54   1.12569e+08
18.55   19.55   1.137e+08
18.56   19.56   1.14842e+08
18.57   19.57   1.15997e+08
18.58   19.58   1.17162e+08
18.59   19.59   1.1834e+08
18.6   19.6   1.19529e+08
18.61   19.61   1.2073e+08
18.62   19.62   1.21944e+08
18.63   19.63   1.23169e+08
18.64   19.64   1.24407e+08
18.65   19.65   1.25657e+08
18.66   19.66   1.2692e+08
18.67   19.67   1.28195e+08
18.68   19.68   1.29484e+08
18.69   19.69   1.30785e+08
18.7   19.7   1.32099e+08
18.71   19.71   1.33427e+08
18.72   19.72   1.34768e+08
18.73   19.73   1.36122e+08
18.74   19.74   1.3749e+08
18.75   19.75   1.38872e+08
18.76   19.76   1.40268e+08
18.77   19.77   1.41677e+08
18.78   19.78   1.43101e+08
18.79   19.79   1.44539e+08
18.8   19.8   1.45992e+08
18.81   19.81   1.47459e+08
18.82   19.82   1.48941e+08
18.83   19.83   1.50438e+08
18.84   19.84   1.51949e+08
18.85   19.85   1.53476e+08
18.86   19.86   1.55019e+08
18.87   19.87   1.56577e+08
18.88   19.88   1.5815e+08
18.89   19.89   1.5974e+08
18.9   19.9   1.61345e+08
18.91   19.91   1.62966e+08
18.92   19.92   1.64604e+08
18.93   19.93   1.66258e+08
18.94   19.94   1.67929e+08
18.95   19.95   1.69617e+08
18.96   19.96   1.71321e+08
18.97   19.97   1.73043e+08
18.98   19.98   1.74782e+08
18.99   19.99   1.76539e+08
19   20   1.78313e+08
19.01   20.01   1.80105e+08
19.02   20.02   1.81915e+08
19.03   20.03   1.83743e+08
19.04   20.04   1.8559e+08
19.05   20.05   1.87455e+08
19.06   20.06   1.89339e+08
19.07   20.07   1.91241e+08
19.08   20.08   1.93163e+08
19.09   20.09   1.95104e+08
19.1   20.1   1.97065e+08
19.11   20.11   1.99046e+08
19.12   20.12   2.01046e+08
19.13   20.13   2.03066e+08
19.14   20.14   2.05107e+08
19.15   20.15   2.07168e+08
19.16   20.16   2.0925e+08
19.17   20.17   2.11353e+08
19.18   20.18   2.13477e+08
19.19   20.19   2.15623e+08
19.2   20.2   2.1779e+08
19.21   20.21   2.19978e+08
19.22   20.22   2.22189e+08
19.23   20.23   2.24422e+08
19.24   20.24   2.26677e+08
19.25   20.25   2.28955e+08
19.26   20.26   2.31256e+08
19.27   20.27   2.3358e+08
19.28   20.28   2.35928e+08
19.29   20.29   2.38299e+08
19.3   20.3   2.40694e+08
19.31   20.31   2.43112e+08
19.32   20.32   2.45556e+08
19.33   20.33   2.48023e+08
19.34   20.34   2.50516e+08
19.35   20.35   2.53034e+08
19.36   20.36   2.55576e+08
19.37   20.37   2.58145e+08
19.38   20.38   2.60739e+08
19.39   20.39   2.63359e+08
19.4   20.4   2.66006e+08
19.41   20.41   2.68679e+08
19.42   20.42   2.7138e+08
19.43   20.43   2.74107e+08
19.44   20.44   2.76862e+08
19.45   20.45   2.79644e+08
19.46   20.46   2.82454e+08
19.47   20.47   2.85293e+08
19.48   20.48   2.8816e+08
19.49   20.49   2.91056e+08
19.5   20.5   2.93981e+08
19.51   20.51   2.96935e+08
19.52   20.52   2.99919e+08
19.53   20.53   3.02933e+08
19.54   20.54   3.05978e+08
19.55   20.55   3.09053e+08
19.56   20.56   3.12159e+08
19.57   20.57   3.15296e+08
19.58   20.58   3.18464e+08
19.59   20.59   3.21665e+08
19.6   20.6   3.24897e+08
19.61   20.61   3.28163e+08
19.62   20.62   3.3146e+08
19.63   20.63   3.34792e+08
19.64   20.64   3.38156e+08
19.65   20.65   3.41554e+08
19.66   20.66   3.44987e+08
19.67   20.67   3.48454e+08
19.68   20.68   3.51956e+08
19.69   20.69   3.55493e+08
19.7   20.7   3.59065e+08
19.71   20.71   3.62674e+08
19.72   20.72   3.66319e+08
19.73   20.73   3.7e+08
19.74   20.74   3.73718e+08
19.75   20.75   3.77474e+08
19.76   20.76   3.81268e+08
19.77   20.77   3.85099e+08
19.78   20.78   3.88969e+08
19.79   20.79   3.92878e+08
19.8   20.8   3.96827e+08
19.81   20.81   4.00815e+08
19.82   20.82   4.04843e+08
19.83   20.83   4.08911e+08
19.84   20.84   4.13021e+08
19.85   20.85   4.17171e+08
19.86   20.86   4.21364e+08
19.87   20.87   4.25598e+08
19.88   20.88   4.29875e+08
19.89   20.89   4.34196e+08
19.9   20.9   4.38559e+08
19.91   20.91   4.42966e+08
19.92   20.92   4.47418e+08
19.93   20.93   4.51915e+08
19.94   20.94   4.56456e+08
19.95   20.95   4.61043e+08
19.96   20.96   4.65677e+08
19.97   20.97   4.70357e+08
19.98   20.98   4.75083e+08
19.99   20.99   4.79858e+08
