0.00000000000000e+00     0.00000000000000e+00     0.00000000000000e+00     0.00000000000000e+00     2.00000000000000e+01     0.00000000000000e+00     2.00000000000000e+00
9.99999999999939e-02     1.89905777305888e+00     -4.83216637549308e-01     1.98013266932449e-01     1.72041052576423e+01     -9.39864553778448e+00     1.96039734661348e+00
2.00000000000059e-01     3.30555816924694e+00     -1.79131067551915e+00     3.92105608476769e-01     1.03823349885557e+01     -1.61695287111308e+01     1.92157887830464e+00
3.00000000000159e-01     3.90072160264527e+00     -3.57749998495174e+00     5.82354664157511e-01     1.33235575471311e+00     -1.87881080162361e+01     1.88352906716851e+00
4.00000000000259e-01     3.57329631119262e+00     -5.39367593680739e+00     7.68836536133627e-01     -7.68303894627492e+00     -1.67877463686023e+01     1.84623269277326e+00
5.00000000000359e-01     2.43816365199743e+00     -6.80209233619007e+00     9.51625819640398e-01     -1.44980944113497e+01     -1.08303997927499e+01     1.80967483607191e+00
5.99999999999904e-01     7.99856239118342e-01     -7.48018406016175e+00     1.13079563282842e+00     -1.75608915486318e+01     -2.50324438355994e+00     1.77384087343430e+00
6.99999999999449e-01     -9.28081607444689e-01     -7.29358859706014e+00     1.30641764601197e+00     -1.62823266638112e+01     6.09912575663498e+00     1.73871647079765e+00
7.99999999998994e-01     -2.32677560615880e+00     -6.32106443111176e+00     1.47856211033790e+00     -1.11399670343261e+01     1.28980909170157e+01     1.70428757793245e+00
8.99999999998539e-01     -3.07291904938033e+00     -4.82720256979584e+00     1.64729788588727e+00     -3.52142903910302e+00     1.63300357608603e+01     1.67054042282258e+00
9.99999999998084e-01     -3.01274166025840e+00     -3.19153784751407e+00     1.81269246922015e+00     4.64485909448122e+00     1.57020158707946e+01     1.63746150615598e+00
1.09999999999874e+00     -2.19232510625994e+00     -1.81280974258398e+00     1.97481202037520e+00     1.13744163083317e+01     1.13241874798165e+01     1.60503759592502e+00
1.19999999999939e+00     -8.38689631193970e-01     -1.01236078985779e+00     2.13372138933449e+00     1.51059339769495e+01     4.39592031394137e+00     1.57325572213317e+00
1.30000000000005e+00     7.01871527369892e-01     -9.59927388930054e-01     2.28948414196434e+00     1.50599887498755e+01     -3.31737215906344e+00     1.54210317160718e+00
1.40000000000070e+00     2.05171049124122e+00     -1.63878331443223e+00     2.44216258544264e+00     1.13957413295902e+01     -9.93079579331969e+00     1.51156748291152e+00
1.50000000000136e+00     2.89383276125570e+00     -2.85707165201375e+00     2.59181779318272e+00     5.13587518767986e+00     -1.38977494758756e+01     1.48163644136350e+00
1.60000000000201e+00     3.04571775752517e+00     -4.30079012747627e+00     2.73850962926298e+00     -2.11309418888637e+00     -1.43684307621301e+01     1.45229807414743e+00
1.70000000000267e+00     2.49792012030787e+00     -5.61406002031133e+00     2.88229677237379e+00     -8.56988412561835e+00     -1.13667885974762e+01     1.42354064552531e+00
1.80000000000332e+00     1.40955379886912e+00     -6.48631390278058e+00     3.02323673928955e+00     -1.27134802736771e+01     -5.75050621378821e+00     1.39535265214214e+00
1.90000000000398e+00     6.34351082096276e-02     -6.72517281952692e+00     3.16138590787635e+00     -1.36385511192759e+01     1.02785902285841e+00     1.36772281842482e+00
2.00000000000463e+00     -1.20675078856142e+00     -6.29805589553348e+00     3.29679953964354e+00     -1.12489293199545e+01     7.29336512191472e+00     1.34064009207140e+00
2.10000000000529e+00     -2.09865535321235e+00     -5.33374631910603e+00     3.42953180184937e+00     -6.24900052488782e+00     1.15600260298836e+01     1.31409363963026e+00
2.20000000000595e+00     -2.41271615883703e+00     -4.08510740358131e+00     3.55963578916856e+00     5.70062138605910e-02     1.28806022749023e+01     1.28807284216644e+00
2.30000000000660e+00     -2.09609718811542e+00     -2.86343432753872e+00     3.68716354493072e+00     6.10204779992910e+00     1.10531728060858e+01     1.26256729101404e+00
2.40000000000726e+00     -1.24963627293339e+00     -1.96133419182309e+00     3.81216608193863e+00     1.04432562954707e+01     6.64044820303246e+00     1.23756678361245e+00
2.50000000000791e+00     -9.75801681109568e-02     -1.58312221260308e+00     3.93469340287376e+00     1.21039049706066e+01     8.04525283076252e-01     1.21306131942541e+00
2.60000000000857e+00     1.07115857293441e+00     -1.79917062603633e+00     4.05479452029804e+00     1.07899151552312e+01     -4.99595873946394e+00     1.18904109594054e+00
2.70000000000922e+00     1.97498566607284e+00     -2.53424466597697e+00     4.17251747626019e+00     6.93377953690033e+00     -9.36807939716760e+00     1.16549650474811e+00
2.80000000000988e+00     2.40702747105450e+00     -3.59129674753466e+00     4.28790936151187e+00     1.56211076811589e+00     -1.13168780057644e+01     1.14241812769779e+00
2.90000000001053e+00     2.28192921400791e+00     -4.70360890035736e+00     4.40101633434602e+00     -3.97443034458827e+00     -1.04689242899668e+01     1.11979673313087e+00
3.00000000001119e+00     1.65160765233158e+00     -5.60163795941442e+00     4.51188363905963e+00     -8.33851132753791e+00     -7.13771066977364e+00     1.09762327218813e+00
3.10000000001184e+00     6.87388887234232e-01     -6.07791883558546e+00     4.62055562405312e+00     -1.05270719553733e+01     -2.22136066905250e+00     1.07588887518941e+00
3.20000000001250e+00     -3.65856925650023e-01     -6.03450063217639e+00     4.72707575956931e+00     -1.00993317757505e+01     3.03618475468698e+00     1.05458484808618e+00
3.30000000001315e+00     -1.25146090181504e+00     -5.50219786212615e+00     4.83148665508291e+00     -7.26069713026646e+00     7.35774408150219e+00     1.03370266898349e+00
3.40000000001381e+00     -1.76311585021740e+00     -4.62813432494084e+00     4.93383007634390e+00     -2.78804845465959e+00     9.74120611607695e+00     1.01323398473125e+00
3.50000000001446e+00     -1.79249346143738e+00     -3.63581709527640e+00     5.03414696208564e+00     2.17941321590681e+00     9.68963072624434e+00     9.93170607582889e-01
3.60000000001512e+00     -1.35144234208710e+00     -2.76841510414024e+00     5.13247744039991e+00     6.42821294771747e+00     7.31089473126553e+00     9.73504511920025e-01
3.70000000001577e+00     -5.64427655349115e-01     -2.22953550307142e+00     5.22886084478926e+00     8.96520801571432e+00     3.26804537736198e+00     9.54227831042152e-01
3.80000000001643e+00     3.65803438047845e-01     -2.13583203785613e+00     5.32333572990044e+00     9.24767912311103e+00     -1.40185078266586e+00     9.35332854019884e-01
3.90000000001708e+00     1.21002740304548e+00     -2.49237343968088e+00     5.41593988694724e+00     7.29612732098792e+00     -5.55166232728908e+00     9.16812022610530e-01
4.00000000001774e+00     1.76868298802284e+00     -3.19580032004168e+00     5.50671035882725e+00     3.66726180218859e+00     -8.20425487610386e+00     8.98657928234503e-01
4.10000000001395e+00     1.91867846684583e+00     -4.06342211562612e+00     5.59568345493941e+00     -7.00846271497893e-01     -8.78070791110208e+00     8.80863309012062e-01
4.20000000001017e+00     1.63998188126025e+00     -4.88024266726537e+00     5.68289476570867e+00     -4.72920971257711e+00     -7.22386087284606e+00     8.63421046858228e-01
4.30000000000638e+00     1.01639526995050e+00     -5.45190748359020e+00     5.76837917682188e+00     -7.46281647193917e+00     -3.99159485303229e+00     8.46324164635572e-01
4.40000000000259e+00     2.11339036286068e-01     -5.65061309110710e+00     5.85217088318367e+00     -8.29533326278987e+00     7.34274367932640e-02     8.29565823363236e-01
4.49999999999881e+00     -5.74552751399106e-01     -5.44321879154734e+00     5.93430340259335e+00     -7.10118340745424e+00     3.96140751530718e+00     8.13139319481273e-01
4.59999999999502e+00     -1.15311972781577e+00     -4.89550120639900e+00     6.01480958915420e+00     -4.24688208642865e+00     6.74469888036076e+00     7.97038082169122e-01
4.69999999999124e+00     -1.39341591397809e+00     -4.15246436052063e+00     6.09372164641419e+00     -4.83638619805507e-01     7.79757244199672e+00     7.81255670717171e-01
4.79999999998745e+00     -1.25094296116934e+00     -3.40037722128987e+00     6.17107114024824e+00     3.24830248578646e+00     6.93479025010685e+00     7.65785771950365e-01
4.89999999998366e+00     -7.74956955587042e-01     -2.82038054508623e+00     6.24688901148535e+00     6.05308866568820e+00     4.43886088695488e+00     7.50622197702936e-01
4.99999999997988e+00     -9.29521298903836e-02     -2.54514553913245e+00     6.32120558828510e+00     7.29286273031800e+00     9.73789757280856e-01     7.35758882343011e-01
5.09999999997609e+00     6.23053823512349e-01     -2.62888301907057e+00     6.39405059826864e+00     6.73097413994657e+00     -2.58949251374517e+00     7.21189880346276e-01
5.19999999997231e+00     1.19961496827600e+00     -3.03738874796269e+00     6.46545318041192e+00     4.57313326653346e+00     -5.39059709178491e+00     7.06909363917676e-01
5.29999999996852e+00     1.50360587207441e+00     -3.65973221739774e+00     6.53544189669927e+00     1.40061773859842e+00     -6.78608291689013e+00     6.92911620660241e-01
5.39999999996474e+00     1.47264116379140e+00     -4.33793048270167e+00     6.60404474355042e+00     -1.98418064626484e+00     -6.49561972241414e+00     6.79191051290020e-01
5.49999999996095e+00     1.12729790376607e+00     -4.90676888392682e+00     6.67128916301913e+00     -4.75930400038632e+00     -4.65513574204256e+00     6.65742167396313e-01
5.59999999995716e+00     5.62916288921635e-01     -5.23379872589812e+00     6.73720205376960e+00     -6.28157688727448e+00     -1.76782169942597e+00     6.52559589246259e-01
5.69999999995338e+00     -7.62496246897896e-02     -5.24989037978308e+00     6.80180978183686e+00     -6.23420197397743e+00     1.43122619940816e+00     6.39638043632760e-01
5.79999999994959e+00     -6.33625494982296e-01     -4.96336781205004e+00     6.86513819117412e+00     -4.69011396125388e+00     4.16080103732417e+00     6.26972361765352e-01
5.89999999994581e+00     -9.78436949376485e-01     -4.45497067954187e+00     6.92721261398896e+00     -2.07916600783471e+00     5.78317888279352e+00     6.14557477202392e-01
5.99999999994202e+00     -1.03613335510492e+00     -3.85560675866339e+00     6.98805788087825e+00     9.29192877703838e-01     5.95178812725986e+00     6.02388423824529e-01
6.09999999993824e+00     -8.04103654938170e-01     -3.31291735622974e+00     7.04769833076016e+00     3.59623394983885e+00     4.68310174593954e+00     5.90460333848159e-01
6.19999999993445e+00     -3.49483219180489e-01     -2.95513132145126e+00     7.10615782060993e+00     5.29424003657983e+00     2.33844236019548e+00     5.78768435878237e-01
6.29999999993066e+00     2.09718878234642e-01     -2.86100270784498e+00     7.16345973500256e+00     5.65304268512788e+00     -4.76393849601429e-01     5.67308052999682e-01
6.39999999992688e+00     7.34981539158247e-01     -3.04281989391265e+00     7.21962699546842e+00     4.63890422260492e+00     -3.06634371700597e+00     5.56074600906520e-01
6.49999999992309e+00     1.10137348025381e+00     -3.44605787246324e+00     7.27468206966029e+00     2.54943594163312e+00     -4.81765582677369e+00     5.45063586068153e-01
6.59999999991931e+00     1.22705121487335e+00     -3.96510470291934e+00     7.32864698034188e+00     -7.09337575707915e-02     -5.34223513378022e+00     5.34270603931847e-01
6.69999999991552e+00     1.09124300477186e+00     -4.47065154214402e+00     7.38154331419726e+00     -2.57150631167332e+00     -4.56208471542784e+00     5.23691337160798e-01
6.79999999991174e+00     7.36847290468970e-01     -4.84170493248521e+00     7.43339223046499e+00     -4.35589412051847e+00     -2.71589546584531e+00     5.13321553907261e-01
6.89999999990795e+00     2.57624267312308e-01     -4.99434502672463e+00     7.48421446940320e+00     -5.02324998708494e+00     -2.89252331214113e-01     5.03157106119674e-01
6.99999999990416e+00     -2.26336406331889e-01     -4.90044447270664e+00     7.53403036058467e+00     -4.45695508226573e+00     2.11177092620327e+00     4.93193927883387e-01
7.09999999990038e+00     -5.98515023677704e-01     -4.59224198066235e+00     7.58285983103026e+00     -2.84150689857485e+00     3.91102351452350e+00     4.83428033794247e-01
7.19999999989659e+00     -7.73830730221434e-01     -4.15222582991357e+00     7.63072241317951e+00     -6.06363003522571e-01     4.69959881709226e+00     4.73855517364416e-01
7.29999999989281e+00     -7.17860432066878e-01     -3.69133511213599e+00     7.67763725270317e+00     1.68689652573489e+00     4.32756918276379e+00     4.64472549459685e-01
7.39999999988902e+00     -4.53127062626897e-01     -3.32117674074014e+00     7.72362311616265e+00     3.48474170882640e+00     2.92987066128460e+00     4.55275376767794e-01
7.49999999988523e+00     -5.14526586944313e-02     -3.12717131663504e+00     7.76869839851650e+00     4.37443394856564e+00     8.82697556801259e-01     4.46260320297025e-01
7.59999999988145e+00     3.85239188211896e-01     -3.14904659700031e+00     7.81288113047854e+00     4.17771917735831e+00     -1.29638662165731e+00     4.37423773904585e-01
7.69999999987766e+00     7.50603912868809e-01     -3.37307942221309e+00     7.85618898573102e+00     2.98448210636291e+00     -3.07840367989927e+00     4.28762202854099e-01
7.79999999987388e+00     9.59612316239975e-01     -3.73749031447250e+00     7.89863928799338e+00     1.12062596439157e+00     -4.05056351830316e+00     4.20272142401674e-01
7.89999999987009e+00     9.68154004483728e-01     -4.14917827673088e+00     7.94024901795222e+00     -9.39522184548680e-01     -4.01093436707028e+00     4.11950196409905e-01
7.99999999986631e+00     7.82036148192967e-01     -4.50732844353563e+00     7.98103482005457e+00     -2.69304944731381e+00     -3.00871505225557e+00     4.03793035989445e-01
8.09999999986252e+00     4.53630265340573e-01     -4.72794831394667e+00     8.02101300916505e+00     -3.73046762279832e+00     -1.32256166391133e+00     3.95797398167355e-01
8.19999999985873e+00     6.74573985202586e-02     -4.76339816329799e+00     8.06019957709203e+00     -3.83048229619060e+00     6.15392640060503e-01     3.87960084581900e-01
8.29999999985495e+00     -2.81389562321870e-01     -4.61241721570063e+00     8.09861019898585e+00     -3.00580816603538e+00     2.32943125475167e+00     3.80277960203152e-01
8.39999999985116e+00     -5.10518733507360e-01     -4.31860816338800e+00     8.13626023960702e+00     -1.49093707023523e+00     3.41631530021660e+00     3.72747952078930e-01
8.49999999984738e+00     -5.69546495517021e-01     -3.95819687718925e+00     8.17316475947415e+00     3.22924913159890e-01     3.63937185302516e+00     3.65367048105583e-01
8.59999999984359e+00     -4.50953590713943e-01     -3.62043014139819e+00     8.20933852088664e+00     1.98804001115452e+00     2.97885398185168e+00     3.58132295823097e-01
8.69999999983981e+00     -1.90211858654172e-01     -3.38561205142117e+00     8.24479599383144e+00     3.10998211462724e+00     1.62818170355740e+00     3.51040801234102e-01
8.79999999983602e+00     1.44428151194287e-01     -3.30615125042997e+00     8.27955136177045e+00     3.44035811761361e+00     -6.09105058831469e-02     3.44089727646202e-01
8.89999999983223e+00     4.69628443970077e-01     -3.39505679299077e+00     8.31361852731502e+00     2.93079034625415e+00     -1.66913086124994e+00     3.37276294537291e-01
8.99999999982845e+00     7.07587863262904e-01     -3.62435592263014e+00     8.34701111778511e+00     1.73670281419865e+00     -2.81306813178621e+00     3.30597776443280e-01
9.09999999982466e+00     8.04526746010829e-01     -3.93342505243583e+00     8.37974249066227e+00     1.71969388621026e-01     -3.23594871956460e+00     3.24051501867870e-01
9.19999999982088e+00     7.42672523242766e-01     -4.24484265437771e+00     8.41182573893176e+00     -1.37274777653531e+00     -2.86439408533594e+00     3.17634852213944e-01
9.29999999981709e+00     5.43120012542230e-01     -4.48365841878176e+00     8.44327369632061e+00     -2.52691609641523e+00     -1.81886837895249e+00     3.11345260736106e-01
9.39999999981331e+00     2.59236656692875e-01     -4.59531283046887e+00     8.47409894243170e+00     -3.02841148368078e+00     -3.77120717368325e-01     3.05180211513866e-01
9.49999999980952e+00     -3.74313119622054e-02     -4.55795259124083e+00     8.50431380777426e+00     -2.78227669380979e+00     1.09874707806148e+00     2.99137238445358e-01
9.59999999980573e+00     -2.75069877642294e-01     -4.38640126284416e+00     8.53393037869734e+00     -1.87699233869042e+00     2.25262964078261e+00     2.93213924260793e-01
9.69999999980195e+00     -3.98870316147248e-01     -4.12715787505622e+00     8.56296050222394e+00     -5.56015312049771e-01     2.81978315574972e+00     2.87407899555486e-01
9.79999999979816e+00     -3.83537269404662e-01     -3.84597752656701e+00     8.59141579079074e+00     8.46819821047078e-01     2.68688185233896e+00     2.81716841842169e-01
9.89999999979438e+00     -2.38211980518709e-01     -3.61131020454507e+00     8.61930762689189e+00     1.99109137337951e+00     1.91332194350475e+00     2.76138474621866e-01
9.99999999979059e+00     -2.92465323987923e-03     -3.47774118301112e+00     8.64664716763442e+00     2.61187901559350e+00     7.10171502803818e-01     2.70670566473308e-01
1.00999999997868e+01     2.62239138386135e-01     -3.47341351716094e+00     8.67344534919919e+00     2.58048458651922e+00     -6.16512988496270e-01     2.65310930160325e-01
1.01999999997830e+01     4.92368137335188e-01     -3.59429986056799e+00     8.69971289121603e+00     1.93002706969403e+00     -1.74298071456014e+00     2.60057421756928e-01
1.02999999997792e+01     6.33517918770850e-01     -3.80643197383175e+00     8.72546030105215e+00     8.41136547088407e-01     -2.40630319908578e+00     2.54907939789716e-01
1.03999999997754e+01     6.55247976629127e-01     -4.05523997225990e+00     8.75069787801477e+00     -4.07249456624271e-01     -2.46519188869158e+00     2.49860424397247e-01
1.04999999997717e+01     5.57017377551938e-01     -4.27947757752132e+00     8.77543571747042e+00     -1.50879136311576e+00     -1.92919137225345e+00     2.44912856506051e-01
1.05999999997679e+01     3.67142410845028e-01     -4.42620621661865e+00     8.79968371488561e+00     -2.20445956526132e+00     -9.50470810899350e-01     2.40063257023001e-01
1.06999999997641e+01     1.34858441738281e-01     -4.46319458875690e+00     8.82345156978228e+00     -2.34294463213124e+00     2.18346709062043e-01     2.35309686043642e-01
1.07999999997603e+01     -8.23354809078373e-02     -4.38585444664860e+00     8.84674878961948e+00     -1.91280513705982e+00     1.28884829387096e+00     2.30650242076208e-01
1.08999999997565e+01     -2.32822207158079e-01     -4.21725961477942e+00     8.86958469359577e+00     -1.03973363246319e+00     2.00756295874830e+00     2.26083061280978e-01
1.09999999997527e+01     -2.83043527860327e-01     -4.00151488320233e+00     8.89196841637714e+00     4.90342895626952e-02     2.21552061594412e+00     2.21606316724740e-01
1.10999999997489e+01     -2.24858759300413e-01     -3.79232951007470e+00     8.91390891175099e+00     1.08332420148915e+00     1.88275969851908e+00     2.17218217649988e-01
1.11999999997452e+01     -7.65049564797962e-02     -3.63973005196199e+00     8.93541495620829e+00     1.81665073148879e+00     1.11047079279338e+00     2.12917008758577e-01
1.12999999997414e+01     1.22821176278060e-01     -3.57817943532512e+00     8.95649515245315e+00     2.08453858812160e+00     1.01530005676708e-01     2.08700969509609e-01
1.13999999997376e+01     3.23207186126406e-01     -3.61890305437087e+00     8.97715793284558e+00     1.84084329092322e+00     -8.92255319755869e-01     2.04568413431148e-01
1.14999999997338e+01     4.76442943384561e-01     -3.74810157966245e+00     8.99741156277277e+00     1.16420351301392e+00     -1.63259440098834e+00     2.00517687445675e-01
1.15999999997300e+01     5.47542591078771e-01     -3.93124925938402e+00     9.01726414395687e+00     2.34245184867347e-01     -1.95146310351509e+00     1.96547171208790e-01
1.16999999997262e+01     5.22635876075864e-01     -4.12220587669206e+00     9.03672361769580e+00     -7.15556558672471e-01     -1.78873820503892e+00     1.92655276461054e-01
1.17999999997224e+01     4.11474310790620e-01     -4.27476329459160e+00     9.05579776803766e+00     -1.45611133511253e+00     -1.20241889503274e+00     1.88840446392667e-01
1.18999999997187e+01     2.44160892552222e-01     -4.35375558088333e+00     9.07449422489763e+00     -1.81761008292338e+00     -3.50053346582437e-01     1.85101155020746e-01
1.19999999997149e+01     6.31159846790094e-02     -4.34307918569167e+00     9.09282046710669e+00     -1.72801912539042e+00     5.53035913745285e-01     1.81435906578886e-01
1.20999999997111e+01     -8.76026151901437e-02     -4.24881644858314e+00     9.11078382540704e+00     -1.22656171987396e+00     1.28777636566934e+00     1.77843234918835e-01
1.21999999997073e+01     -1.72954445336592e-01     -4.09690361122270e+00     9.12839148538110e+00     -4.49927167042210e-01     1.68415294892946e+00     1.74321702924022e-01
1.22999999997035e+01     -1.74985793275665e-01     -3.92611780914849e+00     9.14565049032738e+00     4.04408112916771e-01     1.66015252820994e+00     1.70869901934704e-01
1.23999999996997e+01     -9.64754086345042e-02     -3.77825236741649e+00     9.16256774407886e+00     1.12803324464830e+00     1.23802751665775e+00     1.67486451184454e-01
1.24999999996959e+01     4.05463811310468e-02     -3.68795230005415e+00     9.17915001376173e+00     1.55212922350691e+00     5.34858554357537e-01     1.64169997247860e-01
1.25999999996922e+01     2.00848162075732e-01     -3.67466666851844e+00     9.19540393250545e+00     1.58649702499665e+00     -2.69307476673030e-01     1.60919213499129e-01
1.26999999996884e+01     3.44983944771224e-01     -3.73856927925935e+00     9.21133600209397e+00     1.23815681475262e+00     -9.77205868002283e-01     1.57732799581416e-01
1.27999999996846e+01     4.38940404250828e-01     -3.86127269787398e+00     9.22695259556787e+00     6.05848429783670e-01     -1.42244748167745e+00     1.54609480886664e-01
1.28999999996808e+01     4.62099948285309e-01     -4.01097599727159e+00     9.24225995977232e+00     -1.47299976011249e-01     -1.50830454197029e+00     1.51548008045758e-01
1.29999999996770e+01     4.11671497605963e-01     -4.15063498054407e+00     9.25726421785772e+00     -8.35509202237733e-01     -1.22823049191908e+00     1.48547156428738e-01
1.30999999996732e+01     3.02662414935342e-01     -4.24707241631603e+00     9.27197137172662e+00     -1.29589456456361e+00     -6.63897591411585e-01     1.45605725654938e-01
1.31999999996694e+01     1.63573164550423e-01     -4.27880151968497e+00     9.28638730443715e+00     -1.42672223133122e+00     3.78944811867626e-02     1.42722539112841e-01
1.32999999996657e+01     2.90173295691923e-02     -4.24073253326514e+00     9.30051778255453e+00     -1.20946613223633e+00     7.03059858808976e-01     1.39896443489377e-01
1.33999999996619e+01     -6.88384623660705e-02     -4.14475326089277e+00     9.31436845845842e+00     -7.09998611987828e-01     1.17314296401080e+00     1.37126308308624e-01
1.34999999996581e+01     -1.07910771592196e-01     -4.01620579055969e+00     9.32794487260393e+00     -5.94467984767353e-02     1.34279501607480e+00     1.34411025479567e-01
1.35999999996543e+01     -8.11123721994512e-02     -3.88726724081088e+00     9.34125245573714e+00     5.79886270388344e-01     1.18301530916133e+00     1.31749508852865e-01
1.36999999996505e+01     2.53213825721594e-03     -3.78894705457222e+00     9.35429653106934e+00     1.05475829949008e+00     7.45128719630253e-01     1.29140693786394e-01
1.37999999996467e+01     1.20687415346520e-01     -3.74367876817040e+00     9.36708231640481e+00     1.25746867608130e+00     1.45298676903373e-01     1.26583536719340e-01
1.38999999996429e+01     2.43598235435706e-01     -3.76026372835498e+00     9.37961492622789e+00     1.14996171114067e+00     -4.65938431505657e-01     1.24077014754770e-01
1.39999999996392e+01     3.41532961639927e-01     -3.83228995992928e+00     9.39189937374901e+00     7.70243608028457e-01     -9.41206816211942e-01     1.21620125250487e-01
1.40999999996354e+01     3.91929477540278e-01     -3.94026999226671e+00     9.40394057291179e+00     2.20264143161233e-01     -1.17159338924619e+00     1.19211885417927e-01
1.41999999996316e+01     3.84537523293770e-01     -4.05683793383396e+00     9.41574334035644e+00     -3.61097173825316e-01     -1.11132002970024e+00     1.16851331929049e-01
1.42999999996278e+01     3.23399887154987e-01     -4.15363657276375e+00     9.42731239734682e+00     -8.32862841245993e-01     -7.86272121220444e-01     1.14537520530984e-01
1.43999999996240e+01     2.25320165996232e-01     -4.20817272285655e+00     9.43865237166047e+00     -1.08592764747841e+00     -2.84966285408145e-01     1.12269525668315e-01
1.44999999996202e+01     1.15323176487572e-01     -4.20899417950283e+00     9.44976779943736e+00     -1.06803553280859e+00     2.65182953464433e-01     1.10046440112860e-01
1.45999999996164e+01     2.03171582188367e-02     -4.15800966510264e+00     9.46066312699782e+00     -7.94111757153266e-01     7.30016141928041e-01     1.07867374600757e-01
1.46999999996127e+01     -3.74482497631705e-02     -4.06950612300685e+00     9.47134271261798e+00     -3.40040965077655e-01     1.00114247341890e+00     1.05731457476742e-01
1.47999999996089e+01     -4.55476866719654e-02     -3.96622908061383e+00     9.48181082827445e+00     1.77964134268937e-01     1.02098424948427e+00     1.03637834345492e-01
1.48999999996051e+01     -3.98164924518089e-03     -3.87358343838441e+00     9.49207166135307e+00     6.32879137930551e-01     7.94624933904460e-01     1.01585667729835e-01
1.49999999996013e+01     7.53108525032165e-02     -3.81342239196481e+00     9.50212931632360e+00     9.17825869678812e-01     3.86130215878573e-01     9.95741367357636e-02
1.50999999995975e+01     1.71790297338270e-01     -3.79893364910106e+00     9.51198781638196e+00     9.70973695030583e-01     -9.91647568694417e-02     9.76024367240613e-02
1.51999999995937e+01     2.61591151468546e-01     -3.83180916142143e+00     9.52165110505992e+00     7.88635962602550e-01     -5.41593925056773e-01     9.56697789884332e-02
1.52999999995899e+01     3.23389054444101e-01     -3.90228916998745e+00     9.53112304780196e+00     4.23876339177479e-01     -8.36487438221349e-01     9.37753904400151e-02
1.53999999995862e+01     3.43427104918158e-01     -3.99195727353618e+00     9.54040743351134e+00     -2.84717886609271e-02     -9.18744069881896e-01     9.19185132981252e-02
1.54999999995824e+01     3.18526005328848e-01     -4.07850677480501e+00     9.54950797606616e+00     -4.56239075087865e-01     -7.76928671681572e-01     9.00984047871514e-02
1.55999999995786e+01     2.56433544215634e-01     -4.14125528086933e+00     9.55842831580504e+00     -7.57563113186875e-01     -4.53916664902604e-01     8.83143368394196e-02
1.56999999995748e+01     1.73533734054537e-01     -4.16605262439526e+00     9.56717202098241e+00     -8.64969868784345e-01     -3.44581453919150e-02     8.65655958039653e-02
1.57999999995710e+01     9.05698089580846e-02     -4.14842613325884e+00     9.57574258919668e+00     -7.60244628084125e-01     3.76836181863113e-01     8.48514821610555e-02
1.58999999995672e+01     2.74870610739560e-02     -4.09427630659717e+00     9.58414344879017e+00     -4.76878945198622e-01     6.81419955951395e-01     8.31713102423797e-02
1.59999999995634e+01     -1.33029931672998e-03     -4.01805172137291e+00     9.59237796021815e+00     -8.99925469995251e-02     8.10261840859968e-01     8.15244079567641e-02
1.60999999995597e+01     9.70124850217247e-03     -3.93894072421970e+00     9.60044941739519e+00     3.03356129202619e-01     7.39281902334811e-01     7.99101165213388e-02
1.61999999995559e+01     5.63674550129000e-02     -3.87607310850081e+00     9.60836104901187e+00     6.08360966494827e-01     4.93377346637403e-01     7.83277901980042e-02
1.62999999995521e+01     1.26053493249535e-01     -3.84392401127396e+00     9.61611601982619e+00     7.55169244981766e-01     1.38517336008852e-01     7.67767960351333e-02
1.63999999995483e+01     2.01105688549835e-01     -3.84901690725835e+00     9.62371743192966e+00     7.14694325999272e-01     -2.35725061295771e-01     7.52565136143793e-02
1.64999999995445e+01     2.63272665732063e-01     -3.88866729221056e+00     9.63116832598898e+00     5.04009005801979e-01     -5.38629870216470e-01     7.37663348025039e-02
1.65999999995407e+01     2.98116031001592e-01     -3.95198903115630e+00     9.63847168246112e+00     1.80431638019460e-01     -7.00182348774925e-01     7.23056635081154e-02
1.66999999995369e+01     2.98331548223613e-01     -4.02283274622796e+00     9.64563042278562e+00     -1.73830040782670e-01     -6.87091191870687e-01     7.08739154432217e-02
1.67999999995332e+01     2.65225188945360e-01     -4.08387416127349e+00     9.65264741055413e+00     -4.72415844154582e-01     -5.09351112470356e-01     6.94705178895046e-02
1.68999999995294e+01     2.08061593302471e-01     -4.12082456095419e+00     9.65952545265556e+00     -6.45735123429903e-01     -2.16143054319737e-01     6.80949094692245e-02
1.69999999995256e+01     1.41524982031234e-01     -4.12574647056952e+00     9.66626730039847e+00     -6.57037349252483e-01     1.17524383959506e-01     6.67465399206755e-02
1.70999999995218e+01     8.19768746491884e-02     -4.09871262189285e+00     9.67287565061162e+00     -5.09958484392991e-01     4.09858151134424e-01     6.54248698780611e-02
1.71999999995180e+01     4.34573573461658e-02     -4.04747438529872e+00     9.67935314672325e+00     -2.46063397962017e-01     5.92208090330722e-01     6.41293706557436e-02
1.72999999995142e+01     3.44011670248679e-02     -3.98529742004871e+00     9.68570237981796e+00     6.66326663517573e-02     6.25053648887226e-01     6.28595240367583e-02
1.73999999995104e+01     5.58299472987759e-02     -3.92755667117314e+00     9.69192588967388e+00     3.51050654675134e-01     5.06361597742564e-01     6.16148220655249e-02
1.74999999995067e+01     1.01397338455950e-01     -3.88795785061266e+00     9.69802616577824e+00     5.39931279246176e-01     2.70604877844593e-01     6.03947668446607e-02
1.75999999995029e+01     1.59203412053276e-01     -3.87530832464105e+00     9.70400564832262e+00     5.91617694385030e-01     -2.09553953363731e-02     5.91988703358073e-02
1.76999999994991e+01     2.14872921329679e-01     -3.89159207561086e+00     9.70986672917969e+00     4.99065037680624e-01     -2.96046191524429e-01     5.80266541644169e-02
1.77999999994953e+01     2.55107866021758e-01     -3.93176034314217e+00     9.71561175285964e+00     2.90176711085853e-01     -4.89187261478572e-01     5.68776494283917e-02
1.78999999994915e+01     2.70841811777990e-01     -3.98522099744302e+00     9.72124301744945e+00     1.97266504300429e-02     -5.57164859399544e-01     5.57513965105160e-02
1.79999999994877e+01     2.59253347723776e-01     -4.03860202258339e+00     9.72676277552896e+00     -2.44860782461328e-01     -4.88546334100431e-01     5.46474448946069e-02
1.80999999994839e+01     2.24199423268704e-01     -4.07907486804858e+00     9.73217323507573e+00     -4.40214224896358e-01     -3.05182142732017e-01     5.35653529852974e-02
1.81999999994802e+01     1.75026356546131e-01     -4.09741685218847e+00     9.73747656034534e+00     -5.22089532251396e-01     -5.56484122911462e-02     5.25046879313970e-02
1.82999999994764e+01     1.24107935389778e-01     -4.09008671227052e+00     9.74267487273847e+00     -4.75255148431563e-01     1.97477665507056e-01     5.14650254527413e-02
1.83999999994726e+01     8.37523108748885e-02     -4.05985307774603e+00     9.74777025164996e+00     -3.16015850906146e-01     3.93209061176614e-01     5.04459496704748e-02
1.84999999994688e+01     6.32459509910176e-02     -4.01488153569854e+00     9.75276473529873e+00     -8.70568686914385e-02     4.86746552186454e-01     4.94470529406998e-02
1.85999999994650e+01     6.67398514459988e-02     -3.96656017815833e+00     9.75766032154504e+00     1.53851138918549e-01     4.59612778403520e-01     4.84679356914042e-02
1.86999999994612e+01     9.24530885766028e-02     -3.92663578868861e+00     9.76245896868933e+00     3.48330438840679e-01     3.23061714856563e-01     4.75082062626299e-02
1.87999999994574e+01     1.33333509728966e-01     -3.90437609882050e+00     9.76716259625357e+00     4.51452803951063e-01     1.14207671121105e-01     4.65674807498127e-02
1.88999999994537e+01     1.78959609895663e-01     -3.90443922583819e+00     9.77177308575196e+00     4.42011948829739e-01     -1.13910204308863e-01     4.56453828502042e-02
1.89999999994499e+01     2.18177755960730e-01     -3.92593470516794e+00     9.77629228144131e+00     3.26690922968329e-01     -3.05701838768254e-01     4.47415437123489e-02
1.90999999994461e+01     2.41811992062157e-01     -3.96285510229133e+00     9.78072199106036e+00     1.37362090131577e-01     -4.16488939850725e-01     4.38556017885400e-02
1.91999999994423e+01     2.44792200057001e-01     -4.00572071258810e+00     9.78506398655227e+00     -7.75620029515586e-02     -4.22816857765557e-01     4.29872026901975e-02
1.92999999994385e+01     2.27211856811612e-01     -4.04399443209066e+00     9.78932000477287e+00     -2.65414531815517e-01     -3.27260397638088e-01     4.21359990461005e-02
1.93999999994347e+01     1.94103096877773e-01     -4.06865611630706e+00     9.79349174818594e+00     -3.82101200910831e-01     -1.56784261125616e-01     4.13016503634429e-02
1.94999999994309e+01     1.54033445919440e-01     -4.07431135192090e+00     9.79758088554483e+00     -4.02363448788222e-01     4.46950407887964e-02     4.04838228916251e-02
1.95999999994272e+01     1.16907743534897e-01     -4.06034599304979e+00     9.80158905255901e+00     -3.25111513955487e-01     2.27530480937297e-01     3.96821894887571e-02
1.96999999994234e+01     9.15347918474176e-02     -4.03088635199804e+00     9.80551785254927e+00     -1.72738718359509e-01     3.48503311164360e-01     3.88964294907886e-02
1.97999999994196e+01     8.35528814667580e-02     -3.99362144476508e+00     9.80936885708740e+00     1.51821998825421e-02     3.80959881621020e-01     3.81262285832394e-02
1.98999999994158e+01     9.41987828536151e-02     -3.95781501812312e+00     9.81314360662624e+00     1.92085152814701e-01     3.20569089358340e-01     3.73712786754818e-02
1.99999999994120e+01     1.20183038853812e-01     -3.93201699415903e+00     9.81684361111594e+00     3.15878421435188e-01     1.85488204564537e-01     3.66312777774846e-02
2.00999999994082e+01     1.54658156757944e-01     -3.92203623875863e+00     9.82047035060796e+00     3.58887174856531e-01     1.11164639637552e-02     3.59059298790224e-02
2.01999999994044e+01     1.89004113727964e-01     -3.92965171108841e+00     9.82402527584694e+00     3.13940621813921e-01     -1.59090226420404e-01     3.51949448312648e-02
2.02999999994007e+01     2.14969930420804e-01     -3.95234285422659e+00     9.82750980884996e+00     1.95291742784252e-01     -2.84381081256971e-01     3.44980382307103e-02
2.03999999993969e+01     2.26642562034856e-01     -3.98406407033459e+00     9.83092534347608e+00     3.43511359211205e-02     -3.36399996105613e-01     3.38149313054273e-02
2.04999999993931e+01     2.21776597869593e-01     -4.01683617372741e+00     9.83427324598547e+00     -1.28536188210109e-01     -3.05515754600697e-01     3.31453508035388e-02
2.05999999993893e+01     2.02190200719779e-01     -4.04274023592230e+00     9.83755485558367e+00     -2.54139219754171e-01     -2.02402956412670e-01     3.24890288839161e-02
2.06999999993855e+01     1.73168723882727e-01     -4.05581876634359e+00     9.84077148495813e+00     -3.13727576493412e-01     -5.46798661431434e-02     3.18457030090378e-02
2.07999999993817e+01     1.42058273191621e-01     -4.05343085835415e+00     9.84392442080336e+00     -2.95565946407525e-01     1.00394805714466e-01     3.12151158399809e-02
2.08999999993779e+01     1.16419054815022e-01     -4.03675696240580e+00     9.84701492433581e+00     -2.07068622991226e-01     2.25256118407817e-01     3.05970151334656e-02
2.09999999993742e+01     1.02199666118838e-01     -4.01036529308897e+00     9.85004423179844e+00     -7.22663986681866e-02     2.91074728025373e-01     2.99911536409692e-02
2.10999999993704e+01     1.02370370380348e-01     -3.98098089054042e+00     9.85301355495416e+00     7.46214732219674e-02     2.84344326208132e-01     2.93972890098172e-02
2.11999999993666e+01     1.16325890279139e-01     -3.95578449226382e+00     9.85592408157200e+00     1.97812360625068e-01     2.09527447058870e-01     2.88151836862392e-02
2.12999999993628e+01     1.40171102753853e-01     -3.94066856710192e+00     9.85877697590194e+00     2.68622943939971e-01     8.72781996529175e-02     2.82446048203422e-02
2.13999999993590e+01     1.67786341147790e-01     -3.93887140371545e+00     9.86157337913857e+00     2.72085713193722e-01     -5.11574249940792e-02     2.76853241729729e-02
2.14999999993552e+01     1.92385659632162e-01     -3.95030276616742e+00     9.86431440988150e+00     2.10009037237009e-01     -1.71867744925554e-01     2.71371180244156e-02
2.15999999993514e+01     2.08174156670734e-01     -3.97169609805581e+00     9.86700116457877e+00     9.98846783873929e-02     -2.46531563740736e-01     2.65997670849008e-02
2.16999999993477e+01     2.11702087751759e-01     -3.99751827909885e+00     9.86963471796889e+00     -2.99318130436233e-02     -2.59006782937267e-01     2.60730564068886e-02
2.17999999993439e+01     2.02602156302973e-01     -4.02138854381674e+00     9.87221612350809e+00     -1.47463150343188e-01     -2.08733072749785e-01     2.55567752990844e-02
2.18999999993401e+01     1.83556939530052e-01     -4.03764551964826e+00     9.87474641379276e+00     -2.24938986145774e-01     -1.10255593718883e-01     2.50507172421615e-02
2.19999999993363e+01     1.59534466161453e-01     -4.04267989373499e+00     9.87722660097289e+00     -2.45306361906047e-01     1.08636479414644e-02     2.45546798061492e-02
2.20999999993325e+01     1.36504393265021e-01     -4.03572155321322e+00     9.87965767715630e+00     -2.05908644717586e-01     1.24622344319264e-01     2.40684645694592e-02
2.21999999993287e+01     1.19963752159748e-01     -4.01891337748216e+00     9.88204061480601e+00     -1.18559637841764e-01     2.03963914699442e-01     2.35918770395142e-02
2.22999999993249e+01     1.13634109921146e-01     -3.99668191512321e+00     9.88437636712867e+00     -6.13639759893284e-03     2.31165833420638e-01     2.31247265749485e-02
2.23999999993212e+01     1.18636600080295e-01     -3.97458379101130e+00     9.88666586845675e+00     1.03353724928617e-01     2.01733757802521e-01     2.26668263093462e-02
2.24999999993174e+01     1.33324390221584e-01     -3.95792569994105e+00     9.88891003462161e+00     1.83706622251617e-01     1.24963188882025e-01     2.22179930764952e-02
2.25999999993136e+01     1.53787079266504e-01     -3.95049858899647e+00     9.89110976331855e+00     2.16749639165806e-01     2.11643214685167e-02     2.17780473371192e-02
2.26999999993098e+01     1.74879431232576e-01     -3.95372582712805e+00     9.89326593446888e+00     1.96394978114736e-01     -8.36519907355591e-02     2.13468131070558e-02
2.27999999993060e+01     1.91506600037128e-01     -3.96641389133776e+00     9.89537941057007e+00     1.29629223305234e-01     -1.64250221916358e-01     2.09241178868629e-02
2.28999999993022e+01     1.99846847246243e-01     -3.98514187424134e+00     9.89745103704042e+00     3.43212593457639e-02     -2.02205861381213e-01     2.05097925928176e-02
2.29999999992984e+01     1.98220288141864e-01     -4.00517113505894e+00     9.89948164255781e+00     -6.54997329212519e-02     -1.90067213695787e-01     2.01036714892762e-02
2.30999999992947e+01     1.87408717299472e-01     -4.02163603800260e+00     9.90147203939240e+00     -1.45661933470280e-01     -1.32716378895130e-01     1.97055921223837e-02
2.31999999992909e+01     1.70371157831825e-01     -4.03071852806463e+00     9.90342302372887e+00     -1.87666871887401e-01     -4.57120835444682e-02     1.93153952550848e-02
2.32999999992871e+01     1.51447204276362e-01     -4.03052483470303e+00     9.90533537598677e+00     -1.82913614367563e-01     4.88689455604661e-02     1.89329248034301e-02
2.33999999992833e+01     1.35259742595921e-01     -4.02146524207171e+00     9.90720986113315e+00     -1.34378158875360e-01     1.27994335436396e-01     1.85580277741392e-02
2.34999999992795e+01     1.25592597858586e-01     -4.00606512208623e+00     9.90904722898696e+00     -5.54441300004397e-02     1.73250035125962e-01     1.81905542034010e-02
2.35999999992757e+01     1.24513882527638e-01     -3.98827495448834e+00     9.91084821451970e+00     3.37224510555844e-02     1.75085578261111e-01     1.78303570968889e-02
2.36999999992719e+01     1.31946139888356e-01     -3.97246483554140e+00     9.91261353814933e+00     1.11286594318007e-01     1.34762267668128e-01     1.74772923709565e-02
2.37999999992682e+01     1.45769091979753e-01     -3.96235754564041e+00     9.91434390602899e+00     1.59058453404616e-01     6.36260492309442e-02     1.71312187950059e-02
2.38999999992644e+01     1.62409409873685e-01     -3.96015905302376e+00     9.91604001032967e+00     1.66722852909096e-01     -2.00152387620537e-02     1.67919979349931e-02
2.39999999992606e+01     1.77756641543144e-01     -3.96608772058055e+00     9.91770252951448e+00     1.34010068791185e-01     -9.55656635979948e-02     1.64594940980501e-02
2.40999999992568e+01     1.88172338752000e-01     -3.97839975113718e+00     9.91933212861376e+00     7.03667765663311e-02     -1.45181743530937e-01     1.61335742782089e-02
2.41999999992530e+01     1.91346155755042e-01     -3.99388529692354e+00     9.92092945948956e+00     -7.69571576583383e-03     -1.57953719388882e-01     1.58141081031963e-02
2.42999999992492e+01     1.86799132054247e-01     -4.00869752395818e+00     9.92249516109395e+00     -8.08474461989490e-02     -1.32256155477983e-01     1.55009677822825e-02
2.43999999992454e+01     1.75927014760177e-01     -4.01930228640755e+00     9.92402985972957e+00     -1.31696834987296e-01     -7.57746165177629e-02     1.51940280551643e-02
2.44999999992417e+01     1.61591242081413e-01     -4.02331540004355e+00     9.92553416929611e+00     -1.48895248631589e-01     -3.29313039676825e-03     1.48931661418582e-02
2.45999999992379e+01     1.47373643347277e-01     -4.02003065921794e+00     9.92700869153746e+00     -1.29628024756474e-01     6.71379151087722e-02     1.45982616935865e-02
2.46999999992341e+01     1.36687195825823e-01     -4.01052379932735e+00     9.92845401628226e+00     -7.99564357998697e-02     1.18668780737959e-01     1.43091967446385e-02
2.47999999992303e+01     1.31962237740745e-01     -3.99732404180059e+00     9.92987072167946e+00     -1.30126565484846e-02     1.39653619657973e-01     1.40258556651799e-02
2.48999999992265e+01     1.34100796038050e-01     -3.98374913059603e+00     9.93125937443040e+00     5.44341878146077e-02     1.26245845930526e-01     1.37481251150014e-02
2.49999999992227e+01     1.42319684071282e-01     -3.97307689810468e+00     9.93262053001466e+00     1.06151572664774e-01     8.30169592661065e-02     1.34758939981798e-02
2.50999999992189e+01     1.54404841326659e-01     -3.96775890831592e+00     9.93395473291228e+00     1.30324490157792e-01     2.15275750314448e-02     1.32090534186384e-02
2.51999999992152e+01     1.67299652250425e-01     -3.96886355097730e+00     9.93526251682245e+00     1.22222314666587e-01     -4.27255510551398e-02     1.29474966365876e-02
2.52999999992114e+01     1.77872729229952e-01     -3.97587345826561e+00     9.93654440487622e+00     8.50581628291412e-02     -9.41889544951075e-02     1.26911190258266e-02
2.53999999992076e+01     1.83673563999820e-01     -3.98687204754601e+00     9.93780090984587e+00     2.89050494730073e-02     -1.20993410488365e-01     1.24398180318937e-02
2.54999999992038e+01     1.83494880494846e-01     -3.99905909142056e+00     9.93903253435018e+00     -3.19944331988413e-02     -1.17662584188591e-01     1.21934931310397e-02
2.55999999992000e+01     1.77614090726955e-01     -4.00945848155417e+00     9.94023977105516e+00     -8.28152259129866e-02     -8.61787573224190e-02     1.19520457900205e-02
2.56999999991962e+01     1.67668395334992e-01     -4.01564051875205e+00     9.94142310287168e+00     -1.11736272825126e-01     -3.52138729229958e-02     1.17153794266795e-02
2.57999999991924e+01     1.56207916999482e-01     -4.01628453640439e+00     9.94258300314843e+00     -1.12664265419791e-01     2.22173222850031e-02     1.14833993713167e-02
2.58999999991887e+01     1.46046908538408e-01     -4.01145287509982e+00     9.94371993586110e+00     -8.64737572050761e-02     7.20560323294788e-02     1.12560128288161e-02
2.59999999991849e+01     1.39576909181979e-01     -4.00252166877558e+00     9.94483435579755e+00     -4.05237257128012e-02     1.02619787846767e-01     1.10331288415292e-02
2.60999999991811e+01     1.38208443808037e-01     -3.99179853656254e+00     9.94592670874079e+00     1.33656284269773e-02     1.07317488273882e-01     1.08146582528894e-02
2.61999999991773e+01     1.42070428627540e-01     -3.98193135574931e+00     9.94699743164600e+00     6.19291355291890e-02     8.60341280137357e-02     1.06005136717483e-02
2.62999999991735e+01     1.50029435040482e-01     -3.97525842620355e+00     9.94804695281761e+00     9.37019819756193e-02     4.49045100398742e-02     1.03906094374179e-02
2.63999999991697e+01     1.60011639219190e-01     -3.97325853109484e+00     9.94907569207768e+00     1.01705016683543e-01     -5.40648987539387e-03     1.01848615854060e-02
2.64999999991659e+01     1.69538199050857e-01     -3.97622917073531e+00     9.95008406093556e+00     8.49465065155712e-02     -5.24451611056864e-02     9.98318781382788e-03
2.65999999991622e+01     1.76336996505232e-01     -3.98326136854076e+00     9.95107246275222e+00     4.84257579979266e-02     -8.50327088164577e-02     9.78550745048624e-03
2.66999999991584e+01     1.78880701130545e-01     -3.99250547647029e+00     9.95204129290138e+00     1.69647742469498e-03     -9.59024103570894e-02     9.59174142060008e-03
2.67999999991546e+01     1.76724704549271e-01     -4.00165267566832e+00     9.95299093892832e+00     -4.36083192491875e-02     -8.32929876111244e-02     9.40181221517335e-03
2.68999999991508e+01     1.70571540797014e-01     -4.00850797217654e+00     9.95392178070431e+00     -7.66541690405933e-02     -5.11561095481784e-02     9.21564385999206e-03
2.69999999991470e+01     1.62057031857024e-01     -4.01151336405969e+00     9.95483419057807e+00     -8.99782266673405e-02     -7.98248647161912e-03     9.03316188523210e-03
2.70999999991432e+01     1.53320475805485e-01     -4.01009737540147e+00     9.95572853352597e+00     -8.11509721668890e-02     3.54170960544655e-02     8.85429329566957e-03
2.71999999991394e+01     1.46470663084602e-01     -4.00477374482814e+00     9.95660516729689e+00     -5.31628567562769e-02     6.86014335442102e-02     8.67896654148432e-03
2.72999999991357e+01     1.43080163968967e-01     -3.99697538170304e+00     9.95746444255574e+00     -1.34929413083012e-02     8.39942564973991e-02     8.50711148963679e-03
2.73999999991319e+01     1.43828341325222e-01     -3.98867388373177e+00     9.95830670302483e+00     2.78649130762800e-02     7.85930701218751e-02     8.33865939581487e-03
2.74999999991281e+01     1.48373069267827e-01     -3.98188448417581e+00     9.95913228561924e+00     6.09029652680546e-02     5.45115504976414e-02     8.17354287693446e-03
2.75999999991243e+01     1.55473026154514e-01     -3.97817992129569e+00     9.95994152058316e+00     7.80057882908203e-02     1.82708534882125e-02     8.01169588418704e-03
2.76999999991205e+01     1.63321340103762e-01     -3.97832973571520e+00     9.96073473162097e+00     7.56870534034557e-02     -2.09407533741356e-02     7.85305367661697e-03
2.77999999991167e+01     1.70002098436388e-01     -3.98214678291120e+00     9.96151223602776e+00     5.52656657568067e-02     -5.35811355980690e-02     7.69755279522651e-03
2.78999999991129e+01     1.73955168234338e-01     -3.98856973097250e+00     9.96227434481578e+00     2.23603114907783e-02     -7.20618949755508e-02     7.54513103758977e-03
2.79999999991092e+01     1.74337269072286e-01     -3.99595245978886e+00     9.96302136283835e+00     -1.46297527587623e-02     -7.24958534020389e-02     7.39572743297108e-03
2.80999999991054e+01     1.71196571661706e-01     -4.00248268348792e+00     9.96375358891354e+00     -4.66527317719989e-02     -5.54863216093108e-02     7.24928221793651e-03
2.81999999991016e+01     1.65426164328504e-01     -4.00662410119650e+00     9.96447131594106e+00     -6.62057388481702e-02     -2.58060014015789e-02     7.10573681244774e-03
2.82999999990978e+01     1.58516243718174e-01     -4.00747486984857e+00     9.96517483102134e+00     -6.90775979862446e-02     8.91375538047256e-03     6.96503379642821e-03
2.83999999990940e+01     1.52172489993315e-01     -4.00495951079476e+00     9.96586441556950e+00     -5.52320519734407e-02     4.01294521940402e-02     6.82711688679572e-03
2.84999999990902e+01     1.47897608060001e-01     -3.99981465106681e+00     9.96654034542893e+00     -2.86527769474696e-02     6.04748899150308e-02     6.69193091494741e-03
2.85999999990864e+01     1.46638067768956e-01     -3.99338011065177e+00     9.96720289098021e+00     3.77183318599508e-03     6.54856832872459e-02     6.55942180469181e-03
2.86999999990827e+01     1.48578402809765e-01     -3.98725318648572e+00     9.96785231725054e+00     3.40183870081281e-02     5.45586232499772e-02     6.42953655061832e-03
2.87999999990789e+01     1.53126728647311e-01     -3.98289460013648e+00     9.96848888401845e+00     5.49016535869547e-02     3.09452767924028e-02     6.30222319689332e-03
2.88999999990751e+01     1.59087462877203e-01     -3.98128272633700e+00     9.96911284592052e+00     6.17688757384489e-02     8.19230883066972e-04     6.17743081647781e-03
2.89999999990713e+01     1.64972389357053e-01     -3.98269732542022e+00     9.96972445254923e+00     5.35188950267022e-02     -2.83224816995271e-02     6.05510949075573e-03
2.90999999990675e+01     1.69369868318658e-01     -3.98667968789640e+00     9.97032394855521e+00     3.27275868533917e-02     -4.95134040123087e-02     5.93521028956612e-03
2.91999999990637e+01     1.71281162199005e-01     -3.99217185435805e+00     9.97091157374485e+00     4.88449576867788e-03     -5.79714401216984e-02     5.81768525162919e-03
2.92999999990599e+01     1.70344320963378e-01     -3.99779442353814e+00     9.97148756317614e+00     -2.30409818841943e-02     -5.21627201075695e-02     5.70248736536321e-03
2.93999999990562e+01     1.66896218465284e-01     -4.00219073520275e+00     9.97205214725263e+00     -4.43329197076394e-02     -3.40429452841750e-02     5.58957055007759e-03
2.94999999990524e+01     1.61864173798997e-01     -4.00435209097601e+00     9.97260555181541e+00     -5.41332896408458e-02     -8.45045079809709e-03     5.47888963754050e-03
2.95999999990486e+01     1.56519891654288e-01     -4.00384658037953e+00     9.97314799823358e+00     -5.05368802304663e-02     1.81698578061769e-02     5.37040035391129e-03
2.96999999990448e+01     1.52160267772591e-01     -4.00090028682753e+00     9.97367970349381e+00     -3.49334876942782e-02     3.93787185042726e-02     5.26405930202989e-03
2.97999999990410e+01     1.49794654802630e-01     -3.99631714163100e+00     9.97420088028373e+00     -1.15446391177515e-02     5.02901543147806e-02     5.15982394405783e-03
2.98999999990372e+01     1.49913509933438e-01     -3.99126301812326e+00     9.97471173708168e+00     1.37022073950906e-02     4.86850539591949e-02     5.05765258446201e-03
