0.0001   1.01005
0.0002   1.0202
0.0003   1.03045
0.0004   1.04081
0.0005   1.05127
0.0006   1.06184
0.0007   1.07251
0.0008   1.08329
0.0009   1.09417
0.001   1.10517
0.0011   1.11628
0.0012   1.1275
0.0013   1.13883
0.0014   1.15027
0.0015   1.16183
0.0016   1.17351
0.0017   1.1853
0.0018   1.19722
0.0019   1.20925
0.002   1.2214
0.0021   1.23368
0.0022   1.24608
0.0023   1.2586
0.0024   1.27125
0.0025   1.28403
0.0026   1.29693
0.0027   1.30996
0.0028   1.32313
0.0029   1.33643
0.003   1.34986
0.0031   1.36343
0.0032   1.37713
0.0033   1.39097
0.0034   1.40495
0.0035   1.41907
0.0036   1.43333
0.0037   1.44773
0.0038   1.46228
0.0039   1.47698
0.004   1.49182
0.0041   1.50682
0.0042   1.52196
0.0043   1.53726
0.0044   1.55271
0.0045   1.56831
0.0046   1.58407
0.0047   1.59999
0.0048   1.61607
0.0049   1.63232
0.005   1.64872
0.0051   1.66529
0.0052   1.68203
0.0053   1.69893
0.0054   1.71601
0.0055   1.73325
0.0056   1.75067
0.0057   1.76827
0.0058   1.78604
0.0059   1.80399
0.006   1.82212
0.0061   1.84043
0.0062   1.85893
0.0063   1.87761
0.0064   1.89648
0.0065   1.91554
0.0066   1.93479
0.0067   1.95424
0.0068   1.97388
0.0069   1.99372
0.007   2.01375
0.0071   2.03399
0.0072   2.05443
0.0073   2.07508
0.0074   2.09594
0.0075   2.117
0.0076   2.13828
0.0077   2.15977
0.0078   2.18147
0.0079   2.2034
0.008   2.22554
0.0081   2.24791
0.0082   2.2705
0.0083   2.29332
0.0084   2.31637
0.0085   2.33965
0.0086   2.36316
0.0087   2.38691
0.0088   2.4109
0.0089   2.43513
0.009   2.4596
0.0091   2.48432
0.0092   2.50929
0.0093   2.53451
0.0094   2.55998
0.0095   2.58571
0.0096   2.6117
0.0097   2.63794
0.0098   2.66446
0.0099   2.69123
0.01   2.71828
0.0101   2.7456
0.0102   2.77319
0.0103   2.80107
0.0104   2.82922
0.0105   2.85765
0.0106   2.88637
0.0107   2.91538
0.0108   2.94468
0.0109   2.97427
0.011   3.00417
0.0111   3.03436
0.0112   3.06485
0.0113   3.09566
0.0114   3.12677
0.0115   3.15819
0.0116   3.18993
0.0117   3.22199
0.0118   3.25437
0.0119   3.28708
0.012   3.32012
0.0121   3.35348
0.0122   3.38719
0.0123   3.42123
0.0124   3.45561
0.0125   3.49034
0.0126   3.52542
0.0127   3.56085
0.0128   3.59664
0.0129   3.63279
0.013   3.6693
0.0131   3.70617
0.0132   3.74342
0.0133   3.78104
0.0134   3.81904
0.0135   3.85743
0.0136   3.89619
0.0137   3.93535
0.0138   3.9749
0.0139   4.01485
0.014   4.0552
0.0141   4.09596
0.0142   4.13712
0.0143   4.1787
0.0144   4.2207
0.0145   4.26311
0.0146   4.30596
0.0147   4.34924
0.0148   4.39295
0.0149   4.4371
0.015   4.48169
0.0151   4.52673
0.0152   4.57223
0.0153   4.61818
0.0154   4.66459
0.0155   4.71147
0.0156   4.75882
0.0157   4.80665
0.0158   4.85496
0.0159   4.90375
0.016   4.95303
0.0161   5.00281
0.0162   5.05309
0.0163   5.10387
0.0164   5.15517
0.0165   5.20698
0.0166   5.25931
0.0167   5.31217
0.0168   5.36556
0.0169   5.41948
0.017   5.47395
0.0171   5.52896
0.0172   5.58453
0.0173   5.64065
0.0174   5.69734
0.0175   5.7546
0.0176   5.81244
0.0177   5.87085
0.0178   5.92986
0.0179   5.98945
0.018   6.04965
0.0181   6.11045
0.0182   6.17186
0.0183   6.23389
0.0184   6.29654
0.0185   6.35982
0.0186   6.42374
0.0187   6.4883
0.0188   6.5535
0.0189   6.61937
0.019   6.68589
0.0191   6.75309
0.0192   6.82096
0.0193   6.88951
0.0194   6.95875
0.0195   7.02869
0.0196   7.09933
0.0197   7.17068
0.0198   7.24274
0.0199   7.31553
0.02   7.38906
0.0201   7.46332
0.0202   7.53832
0.0203   7.61409
0.0204   7.69061
0.0205   7.7679
0.0206   7.84597
0.0207   7.92482
0.0208   8.00447
0.0209   8.08492
0.021   8.16617
0.0211   8.24824
0.0212   8.33114
0.0213   8.41487
0.0214   8.49944
0.0215   8.58486
0.0216   8.67114
0.0217   8.75828
0.0218   8.84631
0.0219   8.93521
0.022   9.02501
0.0221   9.11572
0.0222   9.20733
0.0223   9.29987
0.0224   9.39333
0.0225   9.48774
0.0226   9.58309
0.0227   9.6794
0.0228   9.77668
0.0229   9.87494
0.023   9.97418
0.0231   10.0744
0.0232   10.1757
0.0233   10.2779
0.0234   10.3812
0.0235   10.4856
0.0236   10.591
0.0237   10.6974
0.0238   10.8049
0.0239   10.9135
0.024   11.0232
0.0241   11.134
0.0242   11.2459
0.0243   11.3589
0.0244   11.473
0.0245   11.5883
0.0246   11.7048
0.0247   11.8224
0.0248   11.9413
0.0249   12.0613
0.025   12.1825
0.0251   12.3049
0.0252   12.4286
0.0253   12.5535
0.0254   12.6797
0.0255   12.8071
0.0256   12.9358
0.0257   13.0658
0.0258   13.1971
0.0259   13.3298
0.026   13.4637
0.0261   13.5991
0.0262   13.7357
0.0263   13.8738
0.0264   14.0132
0.0265   14.154
0.0266   14.2963
0.0267   14.44
0.0268   14.5851
0.0269   14.7317
0.027   14.8797
0.0271   15.0293
0.0272   15.1803
0.0273   15.3329
0.0274   15.487
0.0275   15.6426
0.0276   15.7998
0.0277   15.9586
0.0278   16.119
0.0279   16.281
0.028   16.4446
0.0281   16.6099
0.0282   16.7769
0.0283   16.9455
0.0284   17.1158
0.0285   17.2878
0.0286   17.4615
0.0287   17.637
0.0288   17.8143
0.0289   17.9933
0.029   18.1741
0.0291   18.3568
0.0292   18.5413
0.0293   18.7276
0.0294   18.9158
0.0295   19.106
0.0296   19.298
0.0297   19.4919
0.0298   19.6878
0.0299   19.8857
0.03   20.0855
0.0301   20.2874
0.0302   20.4913
0.0303   20.6972
0.0304   20.9052
0.0305   21.1153
0.0306   21.3276
0.0307   21.5419
0.0308   21.7584
0.0309   21.9771
0.031   22.198
0.0311   22.421
0.0312   22.6464
0.0313   22.874
0.0314   23.1039
0.0315   23.3361
0.0316   23.5706
0.0317   23.8075
0.0318   24.0468
0.0319   24.2884
0.032   24.5325
0.0321   24.7791
0.0322   25.0281
0.0323   25.2797
0.0324   25.5337
0.0325   25.7903
0.0326   26.0495
0.0327   26.3113
0.0328   26.5758
0.0329   26.8429
0.033   27.1126
0.0331   27.3851
0.0332   27.6604
0.0333   27.9383
0.0334   28.2191
0.0335   28.5027
0.0336   28.7892
0.0337   29.0785
0.0338   29.3708
0.0339   29.666
0.034   29.9641
0.0341   30.2652
0.0342   30.5694
0.0343   30.8766
0.0344   31.187
0.0345   31.5004
0.0346   31.817
0.0347   32.1367
0.0348   32.4597
0.0349   32.7859
0.035   33.1155
0.0351   33.4483
0.0352   33.7844
0.0353   34.124
0.0354   34.4669
0.0355   34.8133
0.0356   35.1632
0.0357   35.5166
0.0358   35.8735
0.0359   36.2341
0.036   36.5982
0.0361   36.9661
0.0362   37.3376
0.0363   37.7128
0.0364   38.0918
0.0365   38.4747
0.0366   38.8613
0.0367   39.2519
0.0368   39.6464
0.0369   40.0448
0.037   40.4473
0.0371   40.8538
0.0372   41.2644
0.0373   41.6791
0.0374   42.098
0.0375   42.5211
0.0376   42.9484
0.0377   43.3801
0.0378   43.816
0.0379   44.2564
0.038   44.7012
0.0381   45.1504
0.0382   45.6042
0.0383   46.0625
0.0384   46.5255
0.0385   46.9931
0.0386   47.4654
0.0387   47.9424
0.0388   48.4242
0.0389   48.9109
0.039   49.4024
0.0391   49.899
0.0392   50.4004
0.0393   50.907
0.0394   51.4186
0.0395   51.9354
0.0396   52.4573
0.0397   52.9845
0.0398   53.517
0.0399   54.0549
0.04   54.5982
0.0401   55.1469
0.0402   55.7011
0.0403   56.2609
0.0404   56.8263
0.0405   57.3975
0.0406   57.9743
0.0407   58.557
0.0408   59.1455
0.0409   59.7399
0.041   60.3403
0.0411   60.9467
0.0412   61.5592
0.0413   62.1779
0.0414   62.8028
0.0415   63.434
0.0416   64.0715
0.0417   64.7155
0.0418   65.3659
0.0419   66.0228
0.042   66.6863
0.0421   67.3565
0.0422   68.0335
0.0423   68.7172
0.0424   69.4079
0.0425   70.1054
0.0426   70.81
0.0427   71.5216
0.0428   72.2404
0.0429   72.9665
0.043   73.6998
0.0431   74.4405
0.0432   75.1886
0.0433   75.9443
0.0434   76.7075
0.0435   77.4785
0.0436   78.2571
0.0437   79.0436
0.0438   79.838
0.0439   80.6404
0.044   81.4509
0.0441   82.2695
0.0442   83.0963
0.0443   83.9314
0.0444   84.7749
0.0445   85.6269
0.0446   86.4875
0.0447   87.3567
0.0448   88.2347
0.0449   89.1214
0.045   90.0171
0.0451   90.9218
0.0452   91.8356
0.0453   92.7586
0.0454   93.6908
0.0455   94.6324
0.0456   95.5835
0.0457   96.5441
0.0458   97.5144
0.0459   98.4944
0.046   99.4843
0.0461   100.484
0.0462   101.494
0.0463   102.514
0.0464   103.544
0.0465   104.585
0.0466   105.636
0.0467   106.698
0.0468   107.77
0.0469   108.853
0.047   109.947
0.0471   111.052
0.0472   112.168
0.0473   113.296
0.0474   114.434
0.0475   115.584
0.0476   116.746
0.0477   117.919
0.0478   119.104
0.0479   120.301
0.048   121.51
0.0481   122.732
0.0482   123.965
0.0483   125.211
0.0484   126.469
0.0485   127.74
0.0486   129.024
0.0487   130.321
0.0488   131.631
0.0489   132.954
0.049   134.29
0.0491   135.639
0.0492   137.003
0.0493   138.38
0.0494   139.77
0.0495   141.175
0.0496   142.594
0.0497   144.027
0.0498   145.474
0.0499   146.936
0.05   148.413
0.0501   149.905
0.0502   151.411
0.0503   152.933
0.0504   154.47
0.0505   156.022
0.0506   157.591
0.0507   159.174
0.0508   160.774
0.0509   162.39
0.051   164.022
0.0511   165.67
0.0512   167.335
0.0513   169.017
0.0514   170.716
0.0515   172.431
0.0516   174.164
0.0517   175.915
0.0518   177.683
0.0519   179.469
0.052   181.272
0.0521   183.094
0.0522   184.934
0.0523   186.793
0.0524   188.67
0.0525   190.566
0.0526   192.481
0.0527   194.416
0.0528   196.37
0.0529   198.343
0.053   200.337
0.0531   202.35
0.0532   204.384
0.0533   206.438
0.0534   208.513
0.0535   210.608
0.0536   212.725
0.0537   214.863
0.0538   217.022
0.0539   219.203
0.054   221.406
0.0541   223.632
0.0542   225.879
0.0543   228.149
0.0544   230.442
0.0545   232.758
0.0546   235.097
0.0547   237.46
0.0548   239.847
0.0549   242.257
0.055   244.692
0.0551   247.151
0.0552   249.635
0.0553   252.144
0.0554   254.678
0.0555   257.238
0.0556   259.823
0.0557   262.434
0.0558   265.072
0.0559   267.736
0.056   270.426
0.0561   273.144
0.0562   275.889
0.0563   278.662
0.0564   281.463
0.0565   284.291
0.0566   287.149
0.0567   290.035
0.0568   292.949
0.0569   295.894
0.057   298.867
0.0571   301.871
0.0572   304.905
0.0573   307.969
0.0574   311.064
0.0575   314.191
0.0576   317.348
0.0577   320.538
0.0578   323.759
0.0579   327.013
0.058   330.3
0.0581   333.619
0.0582   336.972
0.0583   340.359
0.0584   343.779
0.0585   347.234
0.0586   350.724
0.0587   354.249
0.0588   357.809
0.0589   361.405
0.059   365.037
0.0591   368.706
0.0592   372.412
0.0593   376.155
0.0594   379.935
0.0595   383.753
0.0596   387.61
0.0597   391.506
0.0598   395.44
0.0599   399.415
0.06   403.429
0.0601   407.483
0.0602   411.579
0.0603   415.715
0.0604   419.893
0.0605   424.113
0.0606   428.375
0.0607   432.681
0.0608   437.029
0.0609   441.421
0.061   445.858
0.0611   450.339
0.0612   454.865
0.0613   459.436
0.0614   464.054
0.0615   468.717
0.0616   473.428
0.0617   478.186
0.0618   482.992
0.0619   487.846
0.062   492.749
0.0621   497.701
0.0622   502.703
0.0623   507.755
0.0624   512.859
0.0625   518.013
0.0626   523.219
0.0627   528.477
0.0628   533.789
0.0629   539.153
0.063   544.572
0.0631   550.045
0.0632   555.573
0.0633   561.157
0.0634   566.796
0.0635   572.493
0.0636   578.246
0.0637   584.058
0.0638   589.928
0.0639   595.857
0.064   601.845
0.0641   607.894
0.0642   614.003
0.0643   620.174
0.0644   626.407
0.0645   632.702
0.0646   639.061
0.0647   645.484
0.0648   651.971
0.0649   658.523
0.065   665.142
0.0651   671.826
0.0652   678.578
0.0653   685.398
0.0654   692.287
0.0655   699.244
0.0656   706.272
0.0657   713.37
0.0658   720.539
0.0659   727.781
0.066   735.095
0.0661   742.483
0.0662   749.945
0.0663   757.482
0.0664   765.095
0.0665   772.784
0.0666   780.551
0.0667   788.396
0.0668   796.319
0.0669   804.322
0.067   812.406
0.0671   820.571
0.0672   828.818
0.0673   837.147
0.0674   845.561
0.0675   854.059
0.0676   862.642
0.0677   871.312
0.0678   880.069
0.0679   888.914
0.068   897.847
0.0681   906.871
0.0682   915.985
0.0683   925.191
0.0684   934.489
0.0685   943.881
0.0686   953.367
0.0687   962.949
0.0688   972.626
0.0689   982.401
0.069   992.275
0.0691   1002.25
0.0692   1012.32
0.0693   1022.49
0.0694   1032.77
0.0695   1043.15
0.0696   1053.63
0.0697   1064.22
0.0698   1074.92
0.0699   1085.72
0.07   1096.63
0.0701   1107.65
0.0702   1118.79
0.0703   1130.03
0.0704   1141.39
0.0705   1152.86
0.0706   1164.45
0.0707   1176.15
0.0708   1187.97
0.0709   1199.91
0.071   1211.97
0.0711   1224.15
0.0712   1236.45
0.0713   1248.88
0.0714   1261.43
0.0715   1274.11
0.0716   1286.91
0.0717   1299.84
0.0718   1312.91
0.0719   1326.1
0.072   1339.43
0.0721   1352.89
0.0722   1366.49
0.0723   1380.22
0.0724   1394.09
0.0725   1408.1
0.0726   1422.26
0.0727   1436.55
0.0728   1450.99
0.0729   1465.57
0.073   1480.3
0.0731   1495.18
0.0732   1510.2
0.0733   1525.38
0.0734   1540.71
0.0735   1556.2
0.0736   1571.84
0.0737   1587.63
0.0738   1603.59
0.0739   1619.71
0.074   1635.98
0.0741   1652.43
0.0742   1669.03
0.0743   1685.81
0.0744   1702.75
0.0745   1719.86
0.0746   1737.15
0.0747   1754.61
0.0748   1772.24
0.0749   1790.05
0.075   1808.04
0.0751   1826.21
0.0752   1844.57
0.0753   1863.11
0.0754   1881.83
0.0755   1900.74
0.0756   1919.85
0.0757   1939.14
0.0758   1958.63
0.0759   1978.31
0.076   1998.2
0.0761   2018.28
0.0762   2038.56
0.0763   2059.05
0.0764   2079.74
0.0765   2100.65
0.0766   2121.76
0.0767   2143.08
0.0768   2164.62
0.0769   2186.37
0.077   2208.35
0.0771   2230.54
0.0772   2252.96
0.0773   2275.6
0.0774   2298.47
0.0775   2321.57
0.0776   2344.9
0.0777   2368.47
0.0778   2392.27
0.0779   2416.32
0.078   2440.6
0.0781   2465.13
0.0782   2489.91
0.0783   2514.93
0.0784   2540.2
0.0785   2565.73
0.0786   2591.52
0.0787   2617.57
0.0788   2643.87
0.0789   2670.44
0.079   2697.28
0.0791   2724.39
0.0792   2751.77
0.0793   2779.43
0.0794   2807.36
0.0795   2835.57
0.0796   2864.07
0.0797   2892.86
0.0798   2921.93
0.0799   2951.3
0.08   2980.96
0.0801   3010.92
0.0802   3041.18
0.0803   3071.74
0.0804   3102.61
0.0805   3133.79
0.0806   3165.29
0.0807   3197.1
0.0808   3229.23
0.0809   3261.69
0.081   3294.47
0.0811   3327.58
0.0812   3361.02
0.0813   3394.8
0.0814   3428.92
0.0815   3463.38
0.0816   3498.19
0.0817   3533.34
0.0818   3568.85
0.0819   3604.72
0.082   3640.95
0.0821   3677.54
0.0822   3714.5
0.0823   3751.83
0.0824   3789.54
0.0825   3827.63
0.0826   3866.09
0.0827   3904.95
0.0828   3944.19
0.0829   3983.83
0.083   4023.87
0.0831   4064.31
0.0832   4105.16
0.0833   4146.42
0.0834   4188.09
0.0835   4230.18
0.0836   4272.69
0.0837   4315.64
0.0838   4359.01
0.0839   4402.82
0.084   4447.07
0.0841   4491.76
0.0842   4536.9
0.0843   4582.5
0.0844   4628.55
0.0845   4675.07
0.0846   4722.06
0.0847   4769.52
0.0848   4817.45
0.0849   4865.87
0.085   4914.77
0.0851   4964.16
0.0852   5014.05
0.0853   5064.45
0.0854   5115.34
0.0855   5166.75
0.0856   5218.68
0.0857   5271.13
0.0858   5324.11
0.0859   5377.61
0.086   5431.66
0.0861   5486.25
0.0862   5541.39
0.0863   5597.08
0.0864   5653.33
0.0865   5710.15
0.0866   5767.53
0.0867   5825.5
0.0868   5884.05
0.0869   5943.18
0.087   6002.91
0.0871   6063.24
0.0872   6124.18
0.0873   6185.73
0.0874   6247.9
0.0875   6310.69
0.0876   6374.11
0.0877   6438.17
0.0878   6502.88
0.0879   6568.23
0.088   6634.24
0.0881   6700.92
0.0882   6768.26
0.0883   6836.29
0.0884   6904.99
0.0885   6974.39
0.0886   7044.48
0.0887   7115.28
0.0888   7186.79
0.0889   7259.02
0.089   7331.97
0.0891   7405.66
0.0892   7480.09
0.0893   7555.27
0.0894   7631.2
0.0895   7707.89
0.0896   7785.36
0.0897   7863.6
0.0898   7942.63
0.0899   8022.46
0.09   8103.08
0.0901   8184.52
0.0902   8266.78
0.0903   8349.86
0.0904   8433.78
0.0905   8518.54
0.0906   8604.15
0.0907   8690.62
0.0908   8777.97
0.0909   8866.19
0.091   8955.29
0.0911   9045.29
0.0912   9136.2
0.0913   9228.02
0.0914   9320.77
0.0915   9414.44
0.0916   9509.06
0.0917   9604.62
0.0918   9701.15
0.0919   9798.65
0.092   9897.13
0.0921   9996.6
0.0922   10097.1
0.0923   10198.5
0.0924   10301
0.0925   10404.6
0.0926   10509.1
0.0927   10614.8
0.0928   10721.4
0.0929   10829.2
0.093   10938
0.0931   11047.9
0.0932   11159
0.0933   11271.1
0.0934   11384.4
0.0935   11498.8
0.0936   11614.4
0.0937   11731.1
0.0938   11849
0.0939   11968.1
0.094   12088.4
0.0941   12209.9
0.0942   12332.6
0.0943   12456.5
0.0944   12581.7
0.0945   12708.2
0.0946   12835.9
0.0947   12964.9
0.0948   13095.2
0.0949   13226.8
0.095   13359.7
0.0951   13494
0.0952   13629.6
0.0953   13766.6
0.0954   13904.9
0.0955   14044.7
0.0956   14185.8
0.0957   14328.4
0.0958   14472.4
0.0959   14617.9
0.096   14764.8
0.0961   14913.2
0.0962   15063
0.0963   15214.4
0.0964   15367.3
0.0965   15521.8
0.0966   15677.8
0.0967   15835.3
0.0968   15994.5
0.0969   16155.2
0.097   16317.6
0.0971   16481.6
0.0972   16647.2
0.0973   16814.6
0.0974   16983.5
0.0975   17154.2
0.0976   17326.6
0.0977   17500.8
0.0978   17676.7
0.0979   17854.3
0.098   18033.7
0.0981   18215
0.0982   18398.1
0.0983   18583
0.0984   18769.7
0.0985   18958.4
0.0986   19148.9
0.0987   19341.3
0.0988   19535.7
0.0989   19732.1
0.099   19930.4
0.0991   20130.7
0.0992   20333
0.0993   20537.3
0.0994   20743.7
0.0995   20952.2
0.0996   21162.8
0.0997   21375.5
0.0998   21590.3
0.0999   21807.3
0.1   22026.5
0.1001   22247.8
0.1002   22471.4
0.1003   22697.3
0.1004   22925.4
0.1005   23155.8
0.1006   23388.5
0.1007   23623.6
0.1008   23861
0.1009   24100.8
0.101   24343
0.1011   24587.7
0.1012   24834.8
0.1013   25084.4
0.1014   25336.5
0.1015   25591.1
0.1016   25848.3
0.1017   26108.1
0.1018   26370.5
0.1019   26635.5
0.102   26903.2
0.1021   27173.6
0.1022   27446.7
0.1023   27722.5
0.1024   28001.1
0.1025   28282.5
0.1026   28566.8
0.1027   28853.9
0.1028   29143.9
0.1029   29436.8
0.103   29732.6
0.1031   30031.4
0.1032   30333.3
0.1033   30638.1
0.1034   30946
0.1035   31257
0.1036   31571.2
0.1037   31888.5
0.1038   32209
0.1039   32532.7
0.104   32859.6
0.1041   33189.9
0.1042   33523.4
0.1043   33860.4
0.1044   34200.7
0.1045   34544.4
0.1046   34891.6
0.1047   35242.2
0.1048   35596.4
0.1049   35954.2
0.105   36315.5
0.1051   36680.5
0.1052   37049.1
0.1053   37421.5
0.1054   37797.6
0.1055   38177.4
0.1056   38561.1
0.1057   38948.7
0.1058   39340.1
0.1059   39735.5
0.106   40134.8
0.1061   40538.2
0.1062   40945.6
0.1063   41357.1
0.1064   41772.8
0.1065   42192.6
0.1066   42616.6
0.1067   43044.9
0.1068   43477.6
0.1069   43914.5
0.107   44355.9
0.1071   44801.6
0.1072   45251.9
0.1073   45706.7
0.1074   46166.1
0.1075   46630
0.1076   47098.7
0.1077   47572
0.1078   48050.1
0.1079   48533
0.108   49020.8
0.1081   49513.5
0.1082   50011.1
0.1083   50513.7
0.1084   51021.4
0.1085   51534.2
0.1086   52052.1
0.1087   52575.2
0.1088   53103.6
0.1089   53637.3
0.109   54176.4
0.1091   54720.8
0.1092   55270.8
0.1093   55826.3
0.1094   56387.3
0.1095   56954
0.1096   57526.4
0.1097   58104.6
0.1098   58688.6
0.1099   59278.4
0.11   59874.1
0.1101   60475.9
0.1102   61083.7
0.1103   61697.6
0.1104   62317.7
0.1105   62944
0.1106   63576.6
0.1107   64215.5
0.1108   64860.9
0.1109   65512.7
0.111   66171.2
0.1111   66836.2
0.1112   67507.9
0.1113   68186.4
0.1114   68871.7
0.1115   69563.8
0.1116   70263
0.1117   70969.1
0.1118   71682.4
0.1119   72402.8
0.112   73130.4
0.1121   73865.4
0.1122   74607.8
0.1123   75357.6
0.1124   76115
0.1125   76879.9
0.1126   77652.6
0.1127   78433
0.1128   79221.3
0.1129   80017.4
0.113   80821.6
0.1131   81633.9
0.1132   82454.3
0.1133   83283
0.1134   84120
0.1135   84965.5
0.1136   85819.4
0.1137   86681.9
0.1138   87553
0.1139   88433
0.114   89321.7
0.1141   90219.4
0.1142   91126.1
0.1143   92042
0.1144   92967
0.1145   93901.3
0.1146   94845.1
0.1147   95798.3
0.1148   96761.1
0.1149   97733.5
0.115   98715.8
0.1151   99707.9
0.1152   100710
0.1153   101722
0.1154   102744
0.1155   103777
0.1156   104820
0.1157   105873
0.1158   106938
0.1159   108012
0.116   109098
0.1161   110194
0.1162   111302
0.1163   112420
0.1164   113550
0.1165   114691
0.1166   115844
0.1167   117008
0.1168   118184
0.1169   119372
0.117   120572
0.1171   121783
0.1172   123007
0.1173   124244
0.1174   125492
0.1175   126754
0.1176   128027
0.1177   129314
0.1178   130614
0.1179   131926
0.118   133252
0.1181   134592
0.1182   135944
0.1183   137310
0.1184   138690
0.1185   140084
0.1186   141492
0.1187   142914
0.1188   144351
0.1189   145801
0.119   147267
0.1191   148747
0.1192   150242
0.1193   151752
0.1194   153277
0.1195   154817
0.1196   156373
0.1197   157945
0.1198   159532
0.1199   161135
0.12   162755
0.1201   164391
0.1202   166043
0.1203   167711
0.1204   169397
0.1205   171099
0.1206   172819
0.1207   174556
0.1208   176310
0.1209   178082
0.121   179872
0.1211   181680
0.1212   183506
0.1213   185350
0.1214   187213
0.1215   189094
0.1216   190995
0.1217   192914
0.1218   194853
0.1219   196811
0.122   198789
0.1221   200787
0.1222   202805
0.1223   204843
0.1224   206902
0.1225   208981
0.1226   211082
0.1227   213203
0.1228   215346
0.1229   217510
0.123   219696
0.1231   221904
0.1232   224134
0.1233   226387
0.1234   228662
0.1235   230960
0.1236   233281
0.1237   235626
0.1238   237994
0.1239   240386
0.124   242802
0.1241   245242
0.1242   247707
0.1243   250196
0.1244   252711
0.1245   255250
0.1246   257816
0.1247   260407
0.1248   263024
0.1249   265667
0.125   268337
0.1251   271034
0.1252   273758
0.1253   276509
0.1254   279288
0.1255   282095
0.1256   284930
0.1257   287794
0.1258   290686
0.1259   293608
0.126   296559
0.1261   299539
0.1262   302549
0.1263   305590
0.1264   308661
0.1265   311763
0.1266   314897
0.1267   318061
0.1268   321258
0.1269   324487
0.127   327748
0.1271   331042
0.1272   334369
0.1273   337729
0.1274   341124
0.1275   344552
0.1276   348015
0.1277   351512
0.1278   355045
0.1279   358613
0.128   362217
0.1281   365858
0.1282   369535
0.1283   373249
0.1284   377000
0.1285   380789
0.1286   384616
0.1287   388481
0.1288   392385
0.1289   396329
0.129   400312
0.1291   404335
0.1292   408399
0.1293   412504
0.1294   416649
0.1295   420837
0.1296   425066
0.1297   429338
0.1298   433653
0.1299   438011
0.13   442413
0.1301   446860
0.1302   451351
0.1303   455887
0.1304   460469
0.1305   465096
0.1306   469771
0.1307   474492
0.1308   479261
0.1309   484077
0.131   488942
0.1311   493856
0.1312   498820
0.1313   503833
0.1314   508897
0.1315   514011
0.1316   519177
0.1317   524395
0.1318   529665
0.1319   534988
0.132   540365
0.1321   545796
0.1322   551281
0.1323   556821
0.1324   562418
0.1325   568070
0.1326   573779
0.1327   579546
0.1328   585370
0.1329   591253
0.133   597196
0.1331   603198
0.1332   609260
0.1333   615383
0.1334   621568
0.1335   627814
0.1336   634124
0.1337   640497
0.1338   646934
0.1339   653436
0.134   660003
0.1341   666636
0.1342   673336
0.1343   680103
0.1344   686938
0.1345   693842
0.1346   700816
0.1347   707859
0.1348   714973
0.1349   722159
0.135   729416
0.1351   736747
0.1352   744152
0.1353   751630
0.1354   759184
0.1355   766814
0.1356   774521
0.1357   782305
0.1358   790167
0.1359   798109
0.136   806130
0.1361   814231
0.1362   822415
0.1363   830680
0.1364   839029
0.1365   847461
0.1366   855978
0.1367   864581
0.1368   873270
0.1369   882046
0.137   890911
0.1371   899865
0.1372   908909
0.1373   918043
0.1374   927270
0.1375   936589
0.1376   946002
0.1377   955510
0.1378   965113
0.1379   974812
0.138   984609
0.1381   994505
0.1382   1.0045e+06
0.1383   1.01459e+06
0.1384   1.02479e+06
0.1385   1.03509e+06
0.1386   1.04549e+06
0.1387   1.056e+06
0.1388   1.06661e+06
0.1389   1.07733e+06
0.139   1.08816e+06
0.1391   1.0991e+06
0.1392   1.11014e+06
0.1393   1.1213e+06
0.1394   1.13257e+06
0.1395   1.14395e+06
0.1396   1.15545e+06
0.1397   1.16706e+06
0.1398   1.17879e+06
0.1399   1.19064e+06
0.14   1.2026e+06
0.1401   1.21469e+06
0.1402   1.2269e+06
0.1403   1.23923e+06
0.1404   1.25168e+06
0.1405   1.26426e+06
0.1406   1.27697e+06
0.1407   1.2898e+06
0.1408   1.30277e+06
0.1409   1.31586e+06
0.141   1.32908e+06
0.1411   1.34244e+06
0.1412   1.35593e+06
0.1413   1.36956e+06
0.1414   1.38332e+06
0.1415   1.39723e+06
0.1416   1.41127e+06
0.1417   1.42545e+06
0.1418   1.43978e+06
0.1419   1.45425e+06
0.142   1.46886e+06
0.1421   1.48363e+06
0.1422   1.49854e+06
0.1423   1.5136e+06
0.1424   1.52881e+06
0.1425   1.54417e+06
0.1426   1.55969e+06
0.1427   1.57537e+06
0.1428   1.5912e+06
0.1429   1.60719e+06
0.143   1.62335e+06
0.1431   1.63966e+06
0.1432   1.65614e+06
0.1433   1.67278e+06
0.1434   1.6896e+06
0.1435   1.70658e+06
0.1436   1.72373e+06
0.1437   1.74105e+06
0.1438   1.75855e+06
0.1439   1.77622e+06
0.144   1.79407e+06
0.1441   1.81211e+06
0.1442   1.83032e+06
0.1443   1.84871e+06
0.1444   1.86729e+06
0.1445   1.88606e+06
0.1446   1.90501e+06
0.1447   1.92416e+06
0.1448   1.9435e+06
0.1449   1.96303e+06
0.145   1.98276e+06
0.1451   2.00269e+06
0.1452   2.02281e+06
0.1453   2.04314e+06
0.1454   2.06368e+06
0.1455   2.08442e+06
0.1456   2.10537e+06
0.1457   2.12653e+06
0.1458   2.1479e+06
0.1459   2.16948e+06
0.146   2.19129e+06
0.1461   2.21331e+06
0.1462   2.23555e+06
0.1463   2.25802e+06
0.1464   2.28072e+06
0.1465   2.30364e+06
0.1466   2.32679e+06
0.1467   2.35017e+06
0.1468   2.37379e+06
0.1469   2.39765e+06
0.147   2.42175e+06
0.1471   2.44609e+06
0.1472   2.47067e+06
0.1473   2.4955e+06
0.1474   2.52058e+06
0.1475   2.54591e+06
0.1476   2.5715e+06
0.1477   2.59734e+06
0.1478   2.62345e+06
0.1479   2.64981e+06
0.148   2.67645e+06
0.1481   2.70334e+06
0.1482   2.73051e+06
0.1483   2.75795e+06
0.1484   2.78567e+06
0.1485   2.81367e+06
0.1486   2.84195e+06
0.1487   2.87051e+06
0.1488   2.89936e+06
0.1489   2.9285e+06
0.149   2.95793e+06
0.1491   2.98766e+06
0.1492   3.01768e+06
0.1493   3.04801e+06
0.1494   3.07864e+06
0.1495   3.10959e+06
0.1496   3.14084e+06
0.1497   3.1724e+06
0.1498   3.20429e+06
0.1499   3.23649e+06
0.15   3.26902e+06
0.1501   3.30187e+06
0.1502   3.33506e+06
0.1503   3.36857e+06
0.1504   3.40243e+06
0.1505   3.43662e+06
0.1506   3.47116e+06
0.1507   3.50605e+06
0.1508   3.54128e+06
0.1509   3.57687e+06
0.151   3.61282e+06
0.1511   3.64913e+06
0.1512   3.68581e+06
0.1513   3.72285e+06
0.1514   3.76027e+06
0.1515   3.79806e+06
0.1516   3.83623e+06
0.1517   3.87478e+06
0.1518   3.91372e+06
0.1519   3.95306e+06
0.152   3.99279e+06
0.1521   4.03292e+06
0.1522   4.07345e+06
0.1523   4.11439e+06
0.1524   4.15574e+06
0.1525   4.1975e+06
0.1526   4.23969e+06
0.1527   4.2823e+06
0.1528   4.32533e+06
0.1529   4.3688e+06
0.153   4.41271e+06
0.1531   4.45706e+06
0.1532   4.50185e+06
0.1533   4.5471e+06
0.1534   4.5928e+06
0.1535   4.63896e+06
0.1536   4.68558e+06
0.1537   4.73267e+06
0.1538   4.78023e+06
0.1539   4.82828e+06
0.154   4.8768e+06
0.1541   4.92581e+06
0.1542   4.97532e+06
0.1543   5.02532e+06
0.1544   5.07583e+06
0.1545   5.12684e+06
0.1546   5.17837e+06
0.1547   5.23041e+06
0.1548   5.28298e+06
0.1549   5.33607e+06
0.155   5.3897e+06
0.1551   5.44387e+06
0.1552   5.49858e+06
0.1553   5.55384e+06
0.1554   5.60966e+06
0.1555   5.66603e+06
0.1556   5.72298e+06
0.1557   5.7805e+06
0.1558   5.83859e+06
0.1559   5.89727e+06
0.156   5.95654e+06
0.1561   6.0164e+06
0.1562   6.07687e+06
0.1563   6.13794e+06
0.1564   6.19963e+06
0.1565   6.26194e+06
0.1566   6.32487e+06
0.1567   6.38844e+06
0.1568   6.45264e+06
0.1569   6.51749e+06
0.157   6.58299e+06
0.1571   6.64915e+06
0.1572   6.71598e+06
0.1573   6.78347e+06
0.1574   6.85165e+06
0.1575   6.92051e+06
0.1576   6.99006e+06
0.1577   7.06031e+06
0.1578   7.13127e+06
0.1579   7.20294e+06
0.158   7.27533e+06
0.1581   7.34845e+06
0.1582   7.4223e+06
0.1583   7.4969e+06
0.1584   7.57224e+06
0.1585   7.64835e+06
0.1586   7.72521e+06
0.1587   7.80285e+06
0.1588   7.88127e+06
0.1589   7.96048e+06
0.159   8.04049e+06
0.1591   8.12129e+06
0.1592   8.20291e+06
0.1593   8.28535e+06
0.1594   8.36862e+06
0.1595   8.45273e+06
0.1596   8.53768e+06
0.1597   8.62349e+06
0.1598   8.71015e+06
0.1599   8.79769e+06
0.16   8.88611e+06
0.1601   8.97542e+06
0.1602   9.06562e+06
0.1603   9.15673e+06
0.1604   9.24876e+06
0.1605   9.34171e+06
0.1606   9.4356e+06
0.1607   9.53043e+06
0.1608   9.62621e+06
0.1609   9.72295e+06
0.161   9.82067e+06
0.1611   9.91937e+06
0.1612   1.00191e+07
0.1613   1.01198e+07
0.1614   1.02215e+07
0.1615   1.03242e+07
0.1616   1.04279e+07
0.1617   1.05327e+07
0.1618   1.06386e+07
0.1619   1.07455e+07
0.162   1.08535e+07
0.1621   1.09626e+07
0.1622   1.10728e+07
0.1623   1.11841e+07
0.1624   1.12965e+07
0.1625   1.141e+07
0.1626   1.15247e+07
0.1627   1.16405e+07
0.1628   1.17575e+07
0.1629   1.18756e+07
0.163   1.1995e+07
0.1631   1.21155e+07
0.1632   1.22373e+07
0.1633   1.23603e+07
0.1634   1.24845e+07
0.1635   1.261e+07
0.1636   1.27367e+07
0.1637   1.28647e+07
0.1638   1.2994e+07
0.1639   1.31246e+07
0.164   1.32565e+07
0.1641   1.33897e+07
0.1642   1.35243e+07
0.1643   1.36602e+07
0.1644   1.37975e+07
0.1645   1.39362e+07
0.1646   1.40763e+07
0.1647   1.42177e+07
0.1648   1.43606e+07
0.1649   1.45049e+07
0.165   1.46507e+07
0.1651   1.4798e+07
0.1652   1.49467e+07
0.1653   1.50969e+07
0.1654   1.52486e+07
0.1655   1.54019e+07
0.1656   1.55567e+07
0.1657   1.5713e+07
0.1658   1.58709e+07
0.1659   1.60304e+07
0.166   1.61915e+07
0.1661   1.63543e+07
0.1662   1.65186e+07
0.1663   1.66847e+07
0.1664   1.68523e+07
0.1665   1.70217e+07
0.1666   1.71928e+07
0.1667   1.73656e+07
0.1668   1.75401e+07
0.1669   1.77164e+07
0.167   1.78944e+07
0.1671   1.80743e+07
0.1672   1.82559e+07
0.1673   1.84394e+07
0.1674   1.86247e+07
0.1675   1.88119e+07
0.1676   1.9001e+07
0.1677   1.91919e+07
0.1678   1.93848e+07
0.1679   1.95796e+07
0.168   1.97764e+07
0.1681   1.99752e+07
0.1682   2.01759e+07
0.1683   2.03787e+07
0.1684   2.05835e+07
0.1685   2.07904e+07
0.1686   2.09993e+07
0.1687   2.12104e+07
0.1688   2.14235e+07
0.1689   2.16388e+07
0.169   2.18563e+07
0.1691   2.2076e+07
0.1692   2.22978e+07
0.1693   2.25219e+07
0.1694   2.27483e+07
0.1695   2.29769e+07
0.1696   2.32078e+07
0.1697   2.34411e+07
0.1698   2.36767e+07
0.1699   2.39146e+07
0.17   2.4155e+07
0.1701   2.43977e+07
0.1702   2.46429e+07
0.1703   2.48906e+07
0.1704   2.51407e+07
0.1705   2.53934e+07
0.1706   2.56486e+07
0.1707   2.59064e+07
0.1708   2.61667e+07
0.1709   2.64297e+07
0.171   2.66954e+07
0.1711   2.69636e+07
0.1712   2.72346e+07
0.1713   2.75083e+07
0.1714   2.77848e+07
0.1715   2.80641e+07
0.1716   2.83461e+07
0.1717   2.8631e+07
0.1718   2.89187e+07
0.1719   2.92094e+07
0.172   2.95029e+07
0.1721   2.97994e+07
0.1722   3.00989e+07
0.1723   3.04014e+07
0.1724   3.0707e+07
0.1725   3.10156e+07
0.1726   3.13273e+07
0.1727   3.16421e+07
0.1728   3.19601e+07
0.1729   3.22813e+07
0.173   3.26058e+07
0.1731   3.29335e+07
0.1732   3.32645e+07
0.1733   3.35988e+07
0.1734   3.39364e+07
0.1735   3.42775e+07
0.1736   3.4622e+07
0.1737   3.497e+07
0.1738   3.53214e+07
0.1739   3.56764e+07
0.174   3.6035e+07
0.1741   3.63971e+07
0.1742   3.67629e+07
0.1743   3.71324e+07
0.1744   3.75056e+07
0.1745   3.78825e+07
0.1746   3.82632e+07
0.1747   3.86478e+07
0.1748   3.90362e+07
0.1749   3.94285e+07
0.175   3.98248e+07
0.1751   4.0225e+07
0.1752   4.06293e+07
0.1753   4.10376e+07
0.1754   4.14501e+07
0.1755   4.18666e+07
0.1756   4.22874e+07
0.1757   4.27124e+07
0.1758   4.31417e+07
0.1759   4.35753e+07
0.176   4.40132e+07
0.1761   4.44555e+07
0.1762   4.49023e+07
0.1763   4.53536e+07
0.1764   4.58094e+07
0.1765   4.62698e+07
0.1766   4.67348e+07
0.1767   4.72045e+07
0.1768   4.76789e+07
0.1769   4.81581e+07
0.177   4.86421e+07
0.1771   4.9131e+07
0.1772   4.96247e+07
0.1773   5.01235e+07
0.1774   5.06272e+07
0.1775   5.1136e+07
0.1776   5.165e+07
0.1777   5.21691e+07
0.1778   5.26934e+07
0.1779   5.32229e+07
0.178   5.37578e+07
0.1781   5.42981e+07
0.1782   5.48438e+07
0.1783   5.5395e+07
0.1784   5.59517e+07
0.1785   5.65141e+07
0.1786   5.7082e+07
0.1787   5.76557e+07
0.1788   5.82352e+07
0.1789   5.88204e+07
0.179   5.94116e+07
0.1791   6.00087e+07
0.1792   6.06118e+07
0.1793   6.12209e+07
0.1794   6.18362e+07
0.1795   6.24577e+07
0.1796   6.30854e+07
0.1797   6.37194e+07
0.1798   6.43598e+07
0.1799   6.50066e+07
0.18   6.566e+07
0.1801   6.63199e+07
0.1802   6.69864e+07
0.1803   6.76596e+07
0.1804   6.83396e+07
0.1805   6.90264e+07
0.1806   6.97202e+07
0.1807   7.04209e+07
0.1808   7.11286e+07
0.1809   7.18434e+07
0.181   7.25655e+07
0.1811   7.32948e+07
0.1812   7.40314e+07
0.1813   7.47754e+07
0.1814   7.55269e+07
0.1815   7.6286e+07
0.1816   7.70527e+07
0.1817   7.78271e+07
0.1818   7.86093e+07
0.1819   7.93993e+07
0.182   8.01973e+07
0.1821   8.10033e+07
0.1822   8.18174e+07
0.1823   8.26396e+07
0.1824   8.34702e+07
0.1825   8.43091e+07
0.1826   8.51564e+07
0.1827   8.60122e+07
0.1828   8.68767e+07
0.1829   8.77498e+07
0.183   8.86317e+07
0.1831   8.95225e+07
0.1832   9.04222e+07
0.1833   9.13309e+07
0.1834   9.22488e+07
0.1835   9.31759e+07
0.1836   9.41124e+07
0.1837   9.50582e+07
0.1838   9.60136e+07
0.1839   9.69785e+07
0.184   9.79532e+07
0.1841   9.89376e+07
0.1842   9.99319e+07
0.1843   1.00936e+08
0.1844   1.01951e+08
0.1845   1.02975e+08
0.1846   1.0401e+08
0.1847   1.05056e+08
0.1848   1.06111e+08
0.1849   1.07178e+08
0.185   1.08255e+08
0.1851   1.09343e+08
0.1852   1.10442e+08
0.1853   1.11552e+08
0.1854   1.12673e+08
0.1855   1.13805e+08
0.1856   1.14949e+08
0.1857   1.16104e+08
0.1858   1.17271e+08
0.1859   1.1845e+08
0.186   1.1964e+08
0.1861   1.20843e+08
0.1862   1.22057e+08
0.1863   1.23284e+08
0.1864   1.24523e+08
0.1865   1.25774e+08
0.1866   1.27038e+08
0.1867   1.28315e+08
0.1868   1.29605e+08
0.1869   1.30907e+08
0.187   1.32223e+08
0.1871   1.33552e+08
0.1872   1.34894e+08
0.1873   1.3625e+08
0.1874   1.37619e+08
0.1875   1.39002e+08
0.1876   1.40399e+08
0.1877   1.4181e+08
0.1878   1.43235e+08
0.1879   1.44675e+08
0.188   1.46129e+08
0.1881   1.47598e+08
0.1882   1.49081e+08
0.1883   1.50579e+08
0.1884   1.52093e+08
0.1885   1.53621e+08
0.1886   1.55165e+08
0.1887   1.56724e+08
0.1888   1.583e+08
0.1889   1.59891e+08
0.189   1.61497e+08
0.1891   1.63121e+08
0.1892   1.6476e+08
0.1893   1.66416e+08
0.1894   1.68088e+08
0.1895   1.69778e+08
0.1896   1.71484e+08
0.1897   1.73207e+08
0.1898   1.74948e+08
0.1899   1.76706e+08
0.19   1.78482e+08
0.1901   1.80276e+08
0.1902   1.82088e+08
0.1903   1.83918e+08
0.1904   1.85766e+08
0.1905   1.87633e+08
0.1906   1.89519e+08
0.1907   1.91424e+08
0.1908   1.93348e+08
0.1909   1.95291e+08
0.191   1.97253e+08
0.1911   1.99236e+08
0.1912   2.01238e+08
0.1913   2.03261e+08
0.1914   2.05304e+08
0.1915   2.07367e+08
0.1916   2.09451e+08
0.1917   2.11556e+08
0.1918   2.13682e+08
0.1919   2.1583e+08
0.192   2.17999e+08
0.1921   2.2019e+08
0.1922   2.22403e+08
0.1923   2.24638e+08
0.1924   2.26895e+08
0.1925   2.29176e+08
0.1926   2.31479e+08
0.1927   2.33805e+08
0.1928   2.36155e+08
0.1929   2.38529e+08
0.193   2.40926e+08
0.1931   2.43347e+08
0.1932   2.45793e+08
0.1933   2.48263e+08
0.1934   2.50758e+08
0.1935   2.53278e+08
0.1936   2.55824e+08
0.1937   2.58395e+08
0.1938   2.60992e+08
0.1939   2.63615e+08
0.194   2.66264e+08
0.1941   2.6894e+08
0.1942   2.71643e+08
0.1943   2.74373e+08
0.1944   2.77131e+08
0.1945   2.79916e+08
0.1946   2.82729e+08
0.1947   2.85571e+08
0.1948   2.88441e+08
0.1949   2.9134e+08
0.195   2.94268e+08
0.1951   2.97225e+08
0.1952   3.00212e+08
0.1953   3.03229e+08
0.1954   3.06277e+08
0.1955   3.09355e+08
0.1956   3.12464e+08
0.1957   3.15604e+08
0.1958   3.18776e+08
0.1959   3.2198e+08
0.196   3.25216e+08
0.1961   3.28484e+08
0.1962   3.31786e+08
0.1963   3.3512e+08
0.1964   3.38488e+08
0.1965   3.4189e+08
0.1966   3.45326e+08
0.1967   3.48797e+08
0.1968   3.52302e+08
0.1969   3.55843e+08
0.197   3.59419e+08
0.1971   3.63031e+08
0.1972   3.6668e+08
0.1973   3.70365e+08
0.1974   3.74087e+08
0.1975   3.77847e+08
0.1976   3.81644e+08
0.1977   3.8548e+08
0.1978   3.89354e+08
0.1979   3.93267e+08
0.198   3.9722e+08
0.1981   4.01212e+08
0.1982   4.05244e+08
0.1983   4.09317e+08
0.1984   4.13431e+08
0.1985   4.17586e+08
0.1986   4.21782e+08
0.1987   4.26021e+08
0.1988   4.30303e+08
0.1989   4.34628e+08
0.199   4.38996e+08
0.1991   4.43408e+08
0.1992   4.47864e+08
0.1993   4.52365e+08
0.1994   4.56911e+08
0.1995   4.61503e+08
0.1996   4.66142e+08
0.1997   4.70826e+08
0.1998   4.75558e+08
0.1999   4.80338e+08
0.2   4.85165e+08
